year	day	tmax	tmin	prcp	RH	rad	lai
2011	1	2.64 	-6.52 	0.00 	60.89 	241.01 	3.08 
2011	2	2.07 	-6.06 	0.10 	64.33 	226.11 	3.07 
2011	3	2.68 	-5.76 	5.40 	63.44 	193.31 	3.06 
2011	4	0.83 	-4.64 	0.00 	74.30 	190.36 	3.05 
2011	5	2.51 	-5.76 	11.41 	64.01 	192.88 	3.05 
2011	6	2.31 	-6.01 	1.00 	63.77 	230.55 	3.04 
2011	7	2.50 	-7.06 	0.00 	59.42 	285.92 	3.04 
2011	8	5.68 	-5.04 	0.00 	56.54 	293.42 	3.03 
2011	9	2.69 	-4.15 	0.00 	69.38 	219.54 	3.03 
2011	10	1.15 	-6.64 	0.00 	65.10 	235.17 	3.03 
2011	11	1.60 	-4.43 	0.00 	72.31 	207.22 	3.03 
2011	12	3.35 	-5.61 	0.00 	61.78 	249.85 	3.02 
2011	13	5.78 	-4.39 	0.00 	58.33 	260.21 	3.02 
2011	14	3.65 	-4.41 	5.60 	65.04 	197.35 	3.02 
2011	15	3.72 	-4.24 	2.80 	65.42 	197.05 	3.02 
2011	16	3.59 	-4.18 	0.00 	66.08 	241.28 	3.01 
2011	17	3.65 	-4.18 	0.00 	65.89 	243.50 	3.01 
2011	18	3.82 	-4.02 	4.00 	65.88 	198.71 	3.00 
2011	19	3.97 	-3.99 	9.30 	65.48 	201.26 	3.00 
2011	20	4.01 	-3.89 	20.70 	65.72 	201.60 	2.99 
2011	21	-0.40 	-4.24 	1.40 	81.00 	124.71 	2.99 
2011	22	4.71 	-4.03 	0.00 	62.90 	262.39 	2.98 
2011	23	3.49 	-1.76 	2.60 	75.87 	159.15 	2.98 
2011	24	2.46 	-3.74 	0.00 	71.82 	225.92 	2.97 
2011	25	5.72 	-5.11 	0.00 	56.20 	286.29 	2.97 
2011	26	3.88 	-4.22 	0.00 	64.95 	262.08 	2.97 
2011	27	3.89 	-3.93 	5.60 	65.98 	209.52 	2.97 
2011	28	5.06 	-3.37 	8.70 	64.06 	218.21 	2.98 
2011	29	1.38 	-3.26 	3.74 	78.04 	151.13 	2.98 
2011	30	3.07 	-6.24 	0.00 	60.49 	285.58 	2.99 
2011	31	7.13 	-5.22 	0.00 	51.96 	307.80 	2.99 
2011	32	7.47 	-1.51 	0.00 	62.76 	282.35 	3.00 
2011	33	8.11 	-1.71 	0.00 	57.98 	299.23 	3.01 
2011	34	9.80 	-0.28 	0.00 	57.63 	290.90 	3.03 
2011	35	10.15 	1.40 	0.00 	61.88 	289.65 	3.04 
2011	36	11.81 	3.42 	0.00 	63.44 	285.55 	3.06 
2011	37	13.79 	6.46 	0.00 	67.35 	270.27 	3.07 
2011	38	13.75 	1.30 	0.00 	51.93 	301.95 	3.09 
2011	39	14.00 	4.77 	0.00 	61.32 	298.49 	3.10 
2011	40	3.72 	-0.59 	0.00 	76.37 	216.82 	3.11 
2011	41	6.71 	-1.04 	7.10 	64.33 	232.93 	3.12 
2011	42	5.40 	-2.81 	0.00 	64.93 	289.80 	3.13 
2011	43	4.70 	-1.88 	9.68 	70.81 	204.88 	3.14 
2011	44	3.56 	-3.43 	1.20 	69.00 	215.63 	3.14 
2011	45	0.86 	-3.88 	0.10 	77.44 	166.21 	3.15 
2011	46	3.27 	-5.16 	0.00 	63.62 	307.83 	3.15 
2011	47	4.76 	-2.35 	7.30 	68.80 	223.36 	3.15 
2011	48	4.96 	-2.17 	3.60 	68.78 	225.81 	3.16 
2011	49	6.83 	-1.35 	0.00 	65.38 	308.87 	3.17 
2011	50	5.35 	-0.01 	0.00 	75.76 	241.17 	3.17 
2011	51	8.68 	-0.29 	0.00 	63.09 	325.40 	3.18 
2011	52	8.98 	1.27 	0.00 	58.28 	348.09 	3.20 
2011	53	11.00 	1.52 	0.00 	53.58 	364.01 	3.21 
2011	54	14.57 	5.09 	0.00 	54.57 	360.89 	3.22 
2011	55	17.56 	7.34 	0.00 	53.32 	364.75 	3.22 
2011	56	11.18 	2.45 	0.00 	55.79 	362.42 	3.23 
2011	57	13.20 	3.25 	3.02 	52.87 	296.87 	3.23 
2011	58	14.37 	3.59 	0.00 	50.94 	379.90 	3.23 
2011	59	9.37 	1.37 	10.59 	57.49 	283.04 	3.23 
2011	60	8.66 	1.05 	1.30 	58.51 	280.29 	3.22 
2011	61	7.68 	-3.56 	0.00 	55.48 	371.74 	3.22 
2011	62	8.09 	1.13 	0.00 	70.10 	287.18 	3.22 
2011	63	10.71 	1.38 	0.00 	62.38 	344.67 	3.22 
2011	64	9.22 	0.18 	11.14 	62.98 	269.43 	3.22 
2011	65	11.53 	2.21 	15.30 	62.63 	273.87 	3.23 
2011	66	10.51 	1.77 	1.20 	64.33 	266.83 	3.25 
2011	67	15.75 	3.36 	0.00 	54.31 	396.22 	3.27 
2011	68	14.88 	5.41 	0.00 	62.96 	356.42 	3.30 
2011	69	15.06 	3.03 	0.00 	55.16 	399.87 	3.32 
2011	70	15.37 	5.91 	0.00 	63.10 	357.28 	3.34 
2011	71	17.39 	10.18 	0.10 	71.09 	231.18 	3.36 
2011	72	19.45 	9.97 	3.22 	63.99 	275.95 	3.37 
2011	73	16.99 	4.52 	0.10 	54.43 	320.87 	3.38 
2011	74	15.73 	6.60 	9.71 	64.26 	274.91 	3.37 
2011	75	11.55 	2.34 	0.00 	63.00 	362.56 	3.35 
2011	76	15.20 	5.37 	0.00 	61.89 	372.69 	3.33 
2011	77	13.81 	7.22 	7.42 	72.61 	220.28 	3.30 
2011	78	12.25 	3.48 	1.60 	64.64 	274.93 	3.28 
2011	79	12.35 	3.64 	4.20 	64.85 	274.72 	3.25 
2011	80	11.95 	3.40 	12.10 	65.31 	271.53 	3.23 
2011	81	7.33 	0.73 	7.50 	71.29 	229.93 	3.22 
2011	82	12.49 	2.01 	0.00 	59.15 	404.04 	3.21 
2011	83	13.92 	3.61 	0.00 	60.03 	401.98 	3.22 
2011	84	11.48 	3.08 	0.00 	65.71 	362.66 	3.23 
2011	85	14.04 	4.03 	0.00 	61.03 	404.19 	3.24 
2011	86	15.97 	6.47 	0.00 	63.12 	392.34 	3.26 
2011	87	18.55 	7.86 	0.00 	60.04 	417.36 	3.28 
2011	88	13.82 	5.44 	0.00 	66.32 	375.23 	3.30 
2011	89	16.98 	2.95 	0.00 	50.16 	478.10 	3.32 
2011	90	21.26 	5.90 	0.00 	48.00 	483.68 	3.33 
2011	91	23.60 	10.02 	0.00 	53.20 	459.80 	3.35 
2011	92	17.71 	4.84 	0.00 	53.51 	463.98 	3.36 
2011	93	15.48 	3.68 	13.10 	55.93 	346.73 	3.36 
2011	94	13.24 	2.51 	2.58 	58.57 	333.52 	3.37 
2011	95	14.06 	4.21 	0.00 	61.53 	414.41 	3.38 
2011	96	15.12 	5.39 	0.00 	62.17 	410.52 	3.38 
2011	97	16.41 	7.22 	0.10 	64.21 	303.00 	3.38 
2011	98	17.69 	9.05 	0.10 	66.30 	289.54 	3.39 
2011	99	20.62 	11.53 	10.62 	65.49 	296.96 	3.39 
2011	100	21.70 	14.29 	12.46 	71.23 	254.19 	3.39 
2011	101	16.73 	6.91 	0.00 	62.28 	422.84 	3.39 
2011	102	21.02 	8.32 	0.00 	54.88 	474.54 	3.39 
2011	103	20.20 	12.70 	1.50 	70.64 	261.80 	3.39 
2011	104	24.05 	14.97 	0.00 	66.27 	386.99 	3.39 
2011	105	21.23 	16.58 	8.40 	80.99 	172.55 	3.39 
2011	106	22.21 	12.52 	5.40 	63.98 	316.58 	3.39 
2011	107	23.61 	7.74 	0.00 	47.43 	520.52 	3.39 
2011	108	19.96 	10.80 	0.00 	65.12 	403.98 	3.39 
2011	109	17.27 	6.70 	0.00 	60.08 	450.45 	3.40 
2011	110	23.33 	9.92 	0.00 	53.56 	491.12 	3.41 
2011	111	21.52 	9.13 	1.00 	55.86 	361.13 	3.41 
2011	112	22.59 	9.74 	12.00 	54.89 	365.40 	3.42 
2011	113	23.81 	9.34 	0.00 	50.93 	505.15 	3.44 
2011	114	21.68 	10.57 	0.00 	59.55 	445.42 	3.45 
2011	115	30.27 	12.82 	0.00 	45.63 	518.96 	3.47 
2011	116	32.58 	20.63 	0.00 	59.80 	415.74 	3.49 
2011	117	23.01 	12.13 	13.20 	60.57 	325.88 	3.52 
2011	118	22.97 	10.31 	0.00 	55.50 	472.65 	3.55 
2011	119	33.46 	14.50 	0.00 	43.28 	523.17 	3.58 
2011	120	28.77 	21.47 	0.00 	72.89 	295.01 	3.61 
2011	121	25.59 	14.78 	0.10 	61.39 	320.66 	3.65 
2011	122	18.12 	11.63 	0.00 	73.77 	304.04 	3.69 
2011	123	21.97 	13.77 	6.90 	68.65 	274.14 	3.74 
2011	124	21.06 	13.52 	9.49 	70.68 	259.58 	3.78 
2011	125	15.72 	14.23 	0.00 	93.29 	293.74 	3.82 
2011	126	28.44 	14.44 	0.00 	53.37 	500.01 	3.86 
2011	127	29.77 	20.06 	0.00 	65.56 	391.05 	3.90 
2011	128	33.18 	23.06 	0.00 	65.08 	383.72 	3.93 
2011	129	30.07 	23.59 	0.10 	75.82 	206.07 	3.95 
2011	130	26.75 	18.88 	0.00 	70.68 	344.03 	3.96 
2011	131	23.42 	14.16 	33.40 	65.57 	305.83 	3.97 
2011	132	20.54 	14.18 	9.71 	74.65 	232.15 	3.97 
2011	133	25.28 	15.11 	0.00 	63.20 	432.98 	3.96 
2011	134	20.80 	17.69 	0.10 	86.90 	319.29 	3.96 
2011	135	26.28 	16.27 	0.00 	63.91 	425.55 	3.95 
2011	136	26.14 	16.79 	4.24 	65.88 	304.08 	3.95 
2011	137	28.64 	19.60 	0.00 	67.35 	389.42 	3.95 
2011	138	30.27 	21.27 	0.00 	67.80 	380.08 	3.96 
2011	139	32.77 	22.19 	0.00 	63.66 	414.81 	3.97 
2011	140	26.36 	17.24 	0.00 	66.63 	407.41 	3.99 
2011	141	26.21 	17.15 	6.80 	66.79 	306.07 	4.01 
2011	142	23.60 	14.88 	6.20 	67.31 	308.23 	4.03 
2011	143	24.34 	15.38 	23.10 	66.72 	315.82 	4.06 
2011	144	17.78 	11.45 	0.10 	74.28 	294.72 	4.09 
2011	145	24.03 	13.67 	0.00 	62.35 	477.59 	4.12 
2011	146	24.69 	15.23 	0.00 	65.23 	450.00 	4.15 
2011	147	22.88 	14.25 	0.00 	67.46 	431.51 	4.18 
2011	148	21.17 	14.17 	0.00 	72.54 	377.39 	4.22 
2011	149	26.51 	12.84 	0.00 	53.72 	547.68 	4.25 
2011	150	30.05 	18.10 	0.00 	59.20 	495.72 	4.28 
2011	151	25.47 	17.01 	0.00 	68.52 	422.19 	4.32 
2011	152	24.68 	16.82 	3.80 	70.31 	300.02 	4.35 
2011	153	29.34 	21.32 	0.00 	70.67 	385.44 	4.39 
2011	154	25.67 	18.50 	0.00 	72.78 	370.03 	4.42 
2011	155	25.87 	18.83 	55.10 	73.24 	267.84 	4.46 
2011	156	23.41 	18.34 	27.10 	79.75 	209.86 	4.49 
2011	157	19.16 	18.03 	39.00 	95.01 	219.87 	4.52 
2011	158	22.96 	17.99 	15.20 	80.04 	215.07 	4.55 
2011	159	32.20 	18.32 	0.00 	54.64 	225.60 	4.58 
2011	160	26.33 	19.25 	7.80 	73.19 	277.74 	4.60 
2011	161	27.17 	19.56 	23.40 	71.60 	292.33 	4.61 
2011	162	22.36 	20.41 	18.70 	91.71 	231.31 	4.62 
2011	163	27.79 	20.27 	35.30 	72.00 	291.88 	4.62 
2011	164	23.25 	18.87 	0.10 	82.27 	190.70 	4.62 
2011	165	20.97 	18.16 	53.60 	88.12 	171.06 	4.61 
2011	166	18.70 	17.46 	55.70 	94.52 	275.62 	4.61 
2011	167	22.77 	17.78 	6.20 	79.95 	229.05 	4.60 
2011	168	26.15 	20.78 	15.10 	79.04 	236.86 	4.60 
2011	169	22.78 	18.76 	53.70 	83.57 	192.64 	4.60 
2011	170	19.71 	18.44 	51.60 	94.43 	226.28 	4.60 
2011	171	22.47 	18.05 	0.00 	82.02 	293.79 	4.61 
2011	172	24.57 	19.76 	1.08 	80.85 	233.48 	4.62 
2011	173	31.42 	23.18 	9.41 	70.37 	322.43 	4.63 
2011	174	31.27 	24.62 	0.00 	75.44 	371.49 	4.65 
2011	175	22.92 	18.56 	0.00 	82.30 	297.41 	4.67 
2011	176	27.72 	20.14 	35.40 	71.80 	327.33 	4.69 
2011	177	26.94 	17.12 	0.00 	64.62 	511.76 	4.71 
2011	178	29.73 	20.26 	0.00 	66.28 	484.09 	4.74 
2011	179	31.59 	22.42 	35.00 	67.56 	346.88 	4.77 
2011	180	26.88 	22.24 	8.40 	81.76 	229.12 	4.79 
2011	181	26.73 	23.06 	0.10 	85.33 	187.19 	4.82 
2011	182	30.70 	24.01 	10.54 	75.22 	294.62 	4.84 
2011	183	33.27 	26.13 	0.00 	74.18 	394.64 	4.86 
2011	184	32.90 	25.94 	0.00 	74.70 	390.49 	4.88 
2011	185	32.84 	24.84 	0.00 	71.38 	428.35 	4.89 
2011	186	32.58 	24.83 	0.00 	72.12 	419.92 	4.90 
2011	187	33.17 	27.68 	0.00 	79.61 	314.94 	4.90 
2011	188	29.61 	24.36 	0.00 	79.96 	325.40 	4.90 
2011	189	26.61 	22.38 	2.77 	83.24 	216.43 	4.90 
2011	190	26.09 	22.56 	2.10 	85.79 	186.18 	4.89 
2011	191	29.95 	23.62 	0.10 	76.30 	290.90 	4.88 
2011	192	29.14 	23.61 	1.50 	78.91 	262.95 	4.86 
2011	193	27.08 	22.93 	0.00 	83.58 	285.84 	4.84 
2011	194	26.68 	22.45 	0.10 	83.24 	218.98 	4.82 
2011	195	27.59 	22.57 	0.10 	80.49 	249.55 	4.80 
2011	196	23.39 	20.81 	1.00 	89.24 	242.42 	4.78 
2011	197	27.10 	22.44 	1.80 	81.72 	235.11 	4.76 
2011	198	29.51 	22.45 	2.80 	73.81 	312.09 	4.74 
2011	199	27.42 	21.91 	24.50 	78.73 	267.01 	4.72 
2011	200	23.82 	21.38 	11.40 	89.83 	189.50 	4.71 
2011	201	29.25 	21.38 	0.00 	71.15 	243.57 	4.71 
2011	202	30.45 	23.25 	0.00 	73.51 	209.11 	4.71 
2011	203	32.09 	24.76 	0.00 	73.36 	232.37 	4.73 
2011	204	31.18 	22.72 	8.50 	69.64 	333.37 	4.74 
2011	205	33.61 	22.97 	13.00 	63.67 	357.23 	4.75 
2011	206	35.08 	24.48 	10.02 	64.09 	346.57 	4.77 
2011	207	35.10 	25.55 	0.00 	67.12 	438.30 	4.77 
2011	208	32.42 	27.00 	0.00 	79.74 	309.29 	4.78 
2011	209	33.54 	25.88 	0.00 	72.57 	396.98 	4.77 
2011	210	34.60 	26.23 	0.00 	70.56 	408.89 	4.76 
2011	211	33.72 	23.13 	0.00 	63.85 	468.16 	4.73 
2011	212	31.41 	24.75 	64.00 	75.44 	273.31 	4.70 
2011	213	30.28 	23.27 	2.00 	74.10 	289.41 	4.66 
2011	214	30.72 	24.07 	0.00 	75.36 	367.85 	4.63 
2011	215	30.73 	23.51 	0.10 	73.49 	293.50 	4.59 
2011	216	27.18 	22.81 	10.10 	82.79 	206.55 	4.55 
2011	217	31.19 	23.18 	4.84 	71.06 	312.04 	4.52 
2011	218	29.49 	23.27 	30.10 	76.60 	266.78 	4.50 
2011	219	30.38 	22.99 	0.10 	72.89 	296.50 	4.48 
2011	220	29.12 	22.16 	0.00 	74.08 	381.93 	4.47 
2011	221	31.66 	22.37 	0.10 	67.22 	331.00 	4.46 
2011	222	33.98 	24.62 	0.00 	67.47 	421.84 	4.46 
2011	223	30.83 	23.54 	0.00 	73.29 	374.67 	4.46 
2011	224	28.26 	22.91 	21.80 	79.42 	227.67 	4.46 
2011	225	29.95 	22.26 	34.20 	71.85 	294.05 	4.47 
2011	226	31.11 	23.21 	0.10 	71.39 	290.72 	4.47 
2011	227	32.83 	23.12 	0.00 	66.20 	423.97 	4.47 
2011	228	34.13 	26.63 	0.00 	73.18 	345.91 	4.48 
2011	229	31.09 	26.85 	0.00 	83.70 	221.75 	4.48 
2011	230	31.90 	26.94 	0.00 	81.27 	251.02 	4.48 
2011	231	33.59 	21.56 	11.50 	59.82 	348.16 	4.48 
2011	232	31.28 	22.04 	0.00 	67.28 	410.90 	4.48 
2011	233	28.70 	20.91 	5.34 	71.30 	286.57 	4.47 
2011	234	27.08 	21.00 	9.10 	76.71 	242.04 	4.46 
2011	235	26.03 	20.74 	1.20 	79.32 	220.30 	4.45 
2011	236	25.37 	20.70 	2.70 	81.47 	201.55 	4.44 
2011	237	21.71 	19.25 	36.10 	89.59 	218.24 	4.43 
2011	238	26.64 	21.81 	0.10 	81.05 	207.46 	4.41 
2011	239	30.95 	22.23 	13.20 	68.80 	305.11 	4.40 
2011	240	27.86 	21.98 	12.90 	77.51 	241.09 	4.38 
2011	241	28.09 	22.17 	3.20 	77.41 	243.63 	4.37 
2011	242	24.95 	21.45 	31.60 	85.79 	207.68 	4.35 
2011	243	28.61 	23.01 	0.10 	78.59 	232.16 	4.34 
2011	244	28.05 	22.25 	0.00 	77.81 	317.29 	4.32 
2011	245	29.03 	21.43 	0.00 	71.97 	378.64 	4.31 
2011	246	28.50 	21.26 	0.00 	73.04 	365.94 	4.29 
2011	247	28.81 	19.92 	0.00 	67.86 	410.45 	4.26 
2011	248	27.73 	18.85 	0.00 	67.67 	412.16 	4.23 
2011	249	27.62 	18.57 	0.00 	67.11 	413.80 	4.20 
2011	250	26.94 	19.28 	0.00 	71.38 	376.59 	4.16 
2011	251	28.96 	20.85 	0.00 	70.32 	379.46 	4.12 
2011	252	29.14 	20.60 	4.40 	69.00 	297.55 	4.07 
2011	253	28.71 	20.20 	0.10 	69.01 	296.84 	4.03 
2011	254	23.76 	19.40 	9.76 	82.41 	189.68 	3.98 
2011	255	29.48 	21.32 	0.00 	70.27 	371.01 	3.95 
2011	256	30.85 	21.63 	0.00 	67.25 	387.39 	3.92 
2011	257	32.91 	21.94 	0.00 	62.58 	406.30 	3.90 
2011	258	31.95 	22.11 	0.00 	65.63 	388.51 	3.89 
2011	259	30.85 	23.09 	0.00 	71.79 	340.31 	3.90 
2011	260	25.16 	17.60 	0.00 	71.38 	356.02 	3.91 
2011	261	23.86 	16.87 	9.60 	73.06 	264.37 	3.92 
2011	262	16.85 	12.39 	0.00 	81.13 	261.44 	3.94 
2011	263	17.29 	12.40 	0.00 	79.54 	281.78 	3.95 
2011	264	21.08 	13.64 	0.00 	71.01 	365.01 	3.97 
2011	265	21.72 	13.90 	0.10 	69.86 	285.79 	3.97 
2011	266	23.00 	15.93 	0.00 	72.64 	340.74 	3.97 
2011	267	24.56 	15.58 	0.00 	66.69 	378.90 	3.97 
2011	268	20.06 	16.82 	2.20 	86.31 	138.45 	3.95 
2011	269	21.45 	18.27 	0.10 	86.69 	135.46 	3.93 
2011	270	21.08 	18.72 	5.90 	89.95 	103.58 	3.91 
2011	271	28.39 	20.26 	0.00 	70.14 	340.49 	3.88 
2011	272	23.17 	17.52 	6.90 	77.61 	215.56 	3.86 
2011	273	17.40 	14.11 	30.40 	85.84 	143.68 	3.83 
2011	274	16.56 	11.79 	5.00 	79.89 	199.12 	3.80 
2011	275	16.16 	10.76 	1.10 	77.44 	220.29 	3.77 
2011	276	16.19 	11.74 	2.41 	81.08 	188.90 	3.75 
2011	277	16.17 	11.50 	0.00 	80.23 	256.57 	3.73 
2011	278	19.14 	12.31 	1.00 	72.75 	254.37 	3.71 
2011	279	20.60 	14.19 	0.00 	74.49 	310.19 	3.69 
2011	280	23.52 	15.00 	0.00 	67.94 	350.73 	3.68 
2011	281	24.40 	13.82 	0.00 	61.78 	375.05 	3.67 
2011	282	25.17 	14.06 	0.00 	60.40 	374.74 	3.67 
2011	283	25.60 	15.08 	0.00 	62.24 	363.71 	3.67 
2011	284	20.43 	17.51 	0.10 	87.63 	120.20 	3.67 
2011	285	22.93 	15.37 	0.00 	70.96 	317.44 	3.68 
2011	286	18.81 	15.04 	6.00 	84.07 	155.05 	3.68 
2011	287	21.24 	13.85 	12.40 	71.22 	249.32 	3.68 
2011	288	20.77 	14.30 	0.00 	74.30 	295.54 	3.69 
2011	289	23.69 	13.29 	0.00 	62.15 	353.26 	3.69 
2011	290	23.56 	15.72 	0.00 	70.15 	313.79 	3.68 
2011	291	21.00 	12.59 	0.00 	67.78 	327.17 	3.68 
2011	292	19.34 	10.16 	0.00 	64.93 	337.20 	3.67 
2011	293	20.19 	13.28 	0.10 	72.66 	228.87 	3.66 
2011	294	21.64 	13.37 	3.60 	68.37 	247.65 	3.65 
2011	295	22.58 	13.50 	0.00 	65.95 	319.56 	3.65 
2011	296	18.90 	11.52 	0.00 	70.79 	295.75 	3.64 
2011	297	17.91 	10.78 	18.30 	71.47 	230.08 	3.65 
2011	298	13.46 	8.43 	3.00 	78.42 	185.48 	3.65 
2011	299	16.50 	9.25 	0.00 	70.78 	288.36 	3.66 
2011	300	17.30 	11.17 	0.00 	74.91 	256.68 	3.68 
2011	301	17.14 	10.97 	12.11 	74.74 	202.47 	3.69 
2011	302	17.30 	11.39 	0.10 	75.71 	195.08 	3.70 
2011	303	15.76 	12.11 	0.00 	84.21 	173.34 	3.71 
2011	304	19.00 	11.33 	0.00 	69.82 	278.54 	3.71 
2011	305	19.12 	13.54 	0.00 	77.24 	228.91 	3.71 
2011	306	16.45 	13.64 	21.80 	87.72 	102.52 	3.69 
2011	307	21.98 	15.07 	2.20 	72.99 	199.41 	3.67 
2011	308	24.23 	17.70 	3.50 	74.69 	187.00 	3.65 
2011	309	17.86 	11.58 	1.40 	74.47 	191.27 	3.62 
2011	310	17.70 	11.33 	0.10 	74.12 	192.71 	3.59 
2011	311	18.59 	11.08 	0.10 	70.28 	210.75 	3.55 
2011	312	18.17 	10.58 	2.20 	69.92 	212.14 	3.52 
2011	313	11.27 	8.97 	6.80 	89.44 	89.15 	3.49 
2011	314	13.73 	7.96 	2.30 	75.63 	184.78 	3.47 
2011	315	15.99 	6.18 	0.00 	62.13 	288.22 	3.45 
2011	316	20.10 	9.56 	0.00 	60.87 	284.91 	3.43 
2011	317	17.14 	9.24 	0.00 	68.67 	259.49 	3.42 
2011	318	17.16 	9.85 	0.00 	70.69 	248.44 	3.40 
2011	319	14.84 	11.55 	0.00 	85.57 	147.61 	3.39 
2011	320	17.23 	12.53 	0.10 	80.26 	150.39 	3.38 
2011	321	26.60 	15.17 	0.10 	59.85 	221.26 	3.37 
2011	322	22.80 	15.78 	4.20 	72.76 	185.37 	3.35 
2011	323	15.56 	8.92 	9.70 	72.75 	188.21 	3.34 
2011	324	12.28 	7.40 	8.50 	78.83 	157.18 	3.32 
2011	325	13.50 	5.19 	0.00 	66.47 	258.39 	3.31 
2011	326	18.04 	8.43 	0.00 	63.26 	263.31 	3.30 
2011	327	16.07 	5.26 	0.00 	59.06 	270.53 	3.29 
2011	328	12.98 	2.31 	0.00 	58.69 	269.65 	3.29 
2011	329	19.35 	5.94 	0.00 	52.48 	272.90 	3.28 
2011	330	21.16 	9.39 	0.00 	57.51 	262.70 	3.29 
2011	331	22.54 	13.04 	0.00 	64.64 	243.64 	3.29 
2011	332	14.82 	5.47 	0.00 	63.33 	249.13 	3.30 
2011	333	14.06 	5.39 	2.36 	65.40 	196.45 	3.31 
2011	334	12.88 	4.72 	0.10 	66.86 	190.90 	3.32 
2011	335	1.83 	0.24 	9.10 	92.01 	56.92 	3.32 
2011	336	9.84 	-0.22 	0.00 	59.78 	251.44 	3.33 
2011	337	14.18 	4.41 	0.00 	61.81 	244.62 	3.33 
2011	338	19.33 	4.68 	0.00 	49.22 	261.08 	3.33 
2011	339	21.36 	11.55 	0.00 	63.40 	233.06 	3.32 
2011	340	14.20 	2.22 	0.10 	55.09 	209.71 	3.32 
2011	341	8.19 	0.37 	20.70 	66.99 	178.58 	3.31 
2011	342	14.10 	3.06 	7.40 	57.83 	202.54 	3.29 
2011	343	14.27 	3.99 	0.00 	60.22 	236.97 	3.28 
2011	344	19.82 	7.80 	0.00 	56.45 	241.84 	3.27 
2011	345	11.12 	0.96 	0.00 	59.81 	235.41 	3.26 
2011	346	10.84 	0.85 	0.00 	60.26 	233.84 	3.25 
2011	347	11.09 	0.89 	0.00 	59.68 	234.34 	3.24 
2011	348	11.97 	1.77 	0.10 	59.90 	191.41 	3.24 
2011	349	1.35 	-6.39 	0.10 	65.40 	206.36 	3.23 
2011	350	-0.04 	-6.73 	0.00 	68.80 	229.79 	3.23 
2011	351	8.48 	-5.49 	0.00 	47.81 	251.99 	3.23 
2011	352	12.95 	0.92 	0.00 	54.58 	240.55 	3.22 
2011	353	16.05 	6.56 	0.00 	63.17 	217.83 	3.22 
2011	354	13.00 	4.30 	2.80 	65.05 	170.38 	3.22 
2011	355	14.09 	5.36 	0.00 	65.20 	209.80 	3.22 
2011	356	15.67 	6.78 	5.69 	65.04 	170.53 	3.22 
2011	357	11.49 	2.34 	0.00 	63.17 	217.36 	3.22 
2011	358	12.77 	2.41 	0.00 	59.59 	228.33 	3.23 
2011	359	-0.76 	-3.79 	0.00 	84.69 	207.66 	3.23 
2011	360	6.98 	-3.93 	0.00 	56.31 	238.70 	3.25 
2011	361	15.13 	-0.74 	0.00 	44.94 	254.84 	3.26 
2011	362	11.74 	4.17 	0.00 	68.66 	200.15 	3.29 
2011	363	14.06 	1.03 	4.02 	52.05 	205.31 	3.32 
2011	364	5.93 	-2.62 	0.10 	63.86 	175.52 	3.34 
2011	365	2.14 	-5.94 	0.00 	64.58 	210.42 	3.37 
2012	1	4.39 	1.15 	0.00 	84.59 	110.78 	3.40 
2012	2	7.09 	-1.34 	0.00 	64.56 	216.43 	3.43 
2012	3	2.31 	-1.19 	0.00 	83.17 	122.71 	3.45 
2012	4	3.02 	-4.70 	0.00 	66.14 	214.32 	3.46 
2012	5	1.50 	-3.20 	0.00 	77.82 	159.03 	3.46 
2012	6	5.68 	-1.11 	7.30 	70.21 	162.15 	3.46 
2012	7	5.64 	-1.18 	0.00 	70.09 	205.29 	3.45 
2012	8	2.91 	1.03 	2.70 	90.70 	59.46 	3.44 
2012	9	2.95 	1.70 	0.10 	93.74 	46.27 	3.42 
2012	10	5.21 	2.08 	0.00 	85.18 	125.59 	3.41 
2012	11	4.81 	-0.27 	0.00 	76.79 	184.55 	3.39 
2012	12	4.01 	-1.24 	0.00 	75.96 	191.89 	3.38 
2012	13	4.44 	2.06 	3.10 	88.49 	80.30 	3.38 
2012	14	2.86 	1.85 	27.60 	94.91 	44.36 	3.37 
2012	15	3.09 	0.20 	32.90 	86.02 	100.07 	3.37 
2012	16	2.89 	0.04 	21.60 	86.18 	102.75 	3.38 
2012	17	6.51 	1.35 	0.00 	76.76 	208.12 	3.38 
2012	18	4.65 	2.96 	15.80 	91.73 	68.01 	3.39 
2012	19	3.77 	2.65 	6.80 	94.41 	51.77 	3.39 
2012	20	3.61 	0.35 	1.50 	84.40 	126.92 	3.40 
2012	21	0.53 	-1.68 	8.10 	88.92 	93.77 	3.40 
2012	22	-1.94 	-4.58 	4.50 	86.27 	113.88 	3.41 
2012	23	-1.89 	-5.91 	0.00 	79.65 	204.96 	3.41 
2012	24	-1.19 	-6.31 	0.10 	74.92 	225.32 	3.42 
2012	25	1.54 	-6.92 	0.00 	62.78 	324.38 	3.42 
2012	26	6.59 	-4.81 	0.00 	54.69 	303.77 	3.42 
2012	27	5.25 	0.69 	3.00 	79.03 	180.94 	3.42 
2012	28	3.79 	2.83 	18.10 	95.20 	54.48 	3.42 
2012	29	3.94 	1.32 	7.50 	87.34 	126.91 	3.42 
2012	30	1.91 	0.46 	9.50 	92.70 	78.22 	3.41 
2012	31	10.04 	0.46 	0.00 	61.41 	310.11 	3.41 
2012	32	6.36 	-1.21 	6.80 	67.47 	246.03 	3.41 
2012	33	1.80 	-3.88 	0.00 	73.79 	277.39 	3.40 
2012	34	6.25 	-6.04 	0.00 	51.89 	328.28 	3.40 
2012	35	8.11 	-1.55 	1.50 	60.63 	263.26 	3.40 
2012	36	4.84 	2.23 	0.10 	87.47 	129.20 	3.39 
2012	37	5.22 	2.63 	33.20 	87.60 	130.62 	3.39 
2012	38	2.54 	-5.84 	0.00 	63.63 	324.81 	3.39 
2012	39	1.70 	-7.24 	0.00 	61.12 	331.04 	3.39 
2012	40	0.58 	-4.48 	0.00 	75.94 	269.28 	3.38 
2012	41	-0.82 	-3.58 	3.00 	85.97 	138.34 	3.38 
2012	42	3.86 	-3.62 	10.20 	67.22 	260.49 	3.38 
2012	43	3.84 	0.96 	4.80 	86.14 	142.03 	3.37 
2012	44	3.48 	2.56 	1.10 	95.38 	57.14 	3.36 
2012	45	3.82 	2.60 	3.00 	93.92 	69.77 	3.35 
2012	46	3.54 	0.03 	8.30 	83.28 	170.88 	3.34 
2012	47	2.17 	-0.95 	4.70 	84.86 	157.93 	3.33 
2012	48	5.33 	-0.56 	3.00 	73.63 	243.36 	3.33 
2012	49	4.37 	-3.43 	0.00 	66.18 	344.10 	3.33 
2012	50	7.32 	-3.25 	0.00 	57.47 	369.18 	3.33 
2012	51	6.05 	-1.95 	4.20 	65.84 	277.14 	3.34 
2012	52	6.17 	2.44 	7.00 	82.93 	171.89 	3.36 
2012	53	11.48 	3.67 	36.90 	62.00 	289.28 	3.39 
2012	54	7.76 	1.95 	7.90 	74.40 	236.90 	3.42 
2012	55	4.31 	3.19 	5.10 	94.44 	65.93 	3.46 
2012	56	3.11 	1.79 	0.10 	93.41 	76.86 	3.50 
2012	57	3.51 	-1.11 	4.00 	78.49 	218.93 	3.54 
2012	58	2.32 	-2.59 	0.00 	77.06 	292.63 	3.57 
2012	59	0.84 	-0.76 	4.70 	91.90 	91.02 	3.60 
2012	60	5.82 	0.08 	7.00 	74.31 	251.75 	3.61 
2012	61	6.59 	3.10 	4.70 	83.76 	178.27 	3.61 
2012	62	4.51 	2.78 	6.80 	91.52 	79.62 	3.60 
2012	63	2.75 	1.60 	16.90 	94.22 	74.17 	3.58 
2012	64	4.62 	2.44 	29.00 	89.43 	129.48 	3.55 
2012	65	3.84 	3.26 	28.90 	97.08 	52.76 	3.52 
2012	66	8.64 	2.05 	7.50 	71.59 	296.14 	3.50 
2012	67	3.93 	1.18 	28.30 	86.74 	164.30 	3.47 
2012	68	2.14 	0.42 	12.20 	91.41 	112.06 	3.45 
2012	69	4.55 	1.11 	0.10 	83.72 	207.09 	3.43 
2012	70	7.03 	-1.25 	0.00 	65.07 	426.77 	3.43 
2012	71	8.33 	1.64 	0.00 	71.15 	397.17 	3.42 
2012	72	8.78 	-1.18 	0.00 	59.83 	446.92 	3.43 
2012	73	13.07 	-0.40 	0.00 	45.91 	461.76 	3.43 
2012	74	16.40 	5.49 	0.00 	53.59 	451.75 	3.44 
2012	75	9.19 	7.94 	24.50 	85.34 	177.91 	3.44 
2012	76	9.13 	8.50 	2.70 	87.99 	148.86 	3.45 
2012	77	8.49 	8.08 	0.00 	88.89 	183.12 	3.45 
2012	78	15.50 	7.84 	9.70 	62.96 	343.42 	3.45 
2012	79	7.15 	3.94 	6.00 	85.05 	184.48 	3.44 
2012	80	3.93 	2.56 	0.10 	93.21 	92.17 	3.44 
2012	81	14.03 	1.96 	0.00 	54.76 	379.97 	3.43 
2012	82	15.97 	5.42 	0.10 	59.82 	363.23 	3.43 
2012	83	10.23 	3.28 	35.50 	70.58 	323.68 	3.42 
2012	84	16.71 	5.77 	0.00 	58.82 	474.58 	3.42 
2012	85	20.17 	7.65 	0.00 	55.16 	479.35 	3.41 
2012	86	20.84 	9.80 	0.00 	59.55 	465.32 	3.41 
2012	87	24.46 	10.04 	0.00 	51.23 	482.40 	3.41 
2012	88	25.35 	14.23 	0.00 	60.42 	451.93 	3.41 
2012	89	19.14 	11.30 	0.10 	69.27 	312.02 	3.42 
2012	90	15.76 	7.08 	28.10 	65.73 	336.01 	3.42 
2012	91	18.57 	5.57 	1.60 	53.40 	381.30 	3.43 
2012	92	23.25 	11.02 	0.00 	56.77 	473.02 	3.45 
2012	93	25.77 	12.34 	0.00 	54.17 	476.75 	3.47 
2012	94	17.22 	6.92 	2.20 	60.91 	348.24 	3.49 
2012	95	14.41 	10.89 	0.10 	84.57 	155.30 	3.51 
2012	96	24.41 	9.49 	0.10 	49.98 	381.99 	3.54 
2012	97	24.01 	9.79 	0.00 	51.63 	490.93 	3.56 
2012	98	22.62 	13.62 	0.00 	66.23 	395.39 	3.58 
2012	99	20.48 	12.53 	10.30 	69.17 	279.66 	3.60 
2012	100	15.85 	14.19 	0.10 	92.55 	177.41 	3.62 
2012	101	24.89 	14.66 	1.90 	62.94 	323.09 	3.63 
2012	102	22.08 	12.60 	6.40 	64.58 	317.00 	3.64 
2012	103	20.79 	9.96 	16.40 	60.17 	349.21 	3.65 
2012	104	14.45 	12.10 	7.50 	89.48 	106.54 	3.66 
2012	105	19.38 	12.17 	0.10 	71.48 	275.36 	3.66 
2012	106	18.13 	10.87 	2.00 	71.05 	277.30 	3.66 
2012	107	22.28 	11.59 	0.00 	60.95 	453.38 	3.66 
2012	108	22.19 	11.13 	0.00 	59.84 	462.88 	3.66 
2012	109	19.56 	10.94 	7.80 	66.78 	304.57 	3.67 
2012	110	23.14 	13.96 	0.00 	65.77 	403.92 	3.67 
2012	111	15.01 	13.28 	0.10 	92.20 	180.66 	3.68 
2012	112	18.98 	11.73 	6.40 	71.26 	273.66 	3.69 
2012	113	27.38 	13.31 	0.00 	52.92 	502.22 	3.69 
2012	114	30.95 	19.11 	0.00 	59.72 	446.98 	3.71 
2012	115	24.54 	18.46 	26.80 	76.31 	223.99 	3.72 
2012	116	19.62 	14.00 	7.00 	77.16 	222.89 	3.73 
2012	117	23.22 	12.12 	0.00 	59.98 	478.22 	3.75 
2012	118	27.57 	16.19 	0.00 	60.21 	467.42 	3.77 
2012	119	27.81 	18.15 	0.00 	65.29 	422.45 	3.79 
2012	120	24.06 	18.59 	29.80 	78.39 	211.45 	3.81 
2012	121	20.10 	16.34 	1.10 	84.27 	159.49 	3.83 
2012	122	20.24 	14.88 	1.40 	78.22 	226.10 	3.84 
2012	123	22.86 	14.20 	0.00 	67.35 	434.90 	3.86 
2012	124	22.11 	17.34 	1.40 	80.67 	205.61 	3.87 
2012	125	28.42 	18.83 	8.20 	65.63 	330.61 	3.87 
2012	126	28.84 	19.45 	0.00 	66.33 	436.17 	3.88 
2012	127	30.34 	21.44 	0.00 	68.12 	417.30 	3.88 
2012	128	31.88 	19.45 	2.40 	58.34 	369.14 	3.88 
2012	129	20.85 	18.80 	29.00 	91.21 	98.23 	3.87 
2012	130	21.99 	15.65 	0.00 	74.98 	357.43 	3.87 
2012	131	25.03 	15.10 	0.00 	63.87 	476.77 	3.87 
2012	132	25.54 	13.72 	0.00 	58.48 	516.72 	3.87 
2012	133	27.31 	15.84 	0.10 	59.91 	376.43 	3.87 
2012	134	21.20 	18.20 	12.90 	87.38 	134.74 	3.87 
2012	135	18.67 	14.18 	10.60 	81.27 	204.07 	3.87 
2012	136	23.99 	14.22 	6.30 	64.12 	358.13 	3.88 
2012	137	28.19 	17.78 	0.00 	63.15 	475.66 	3.89 
2012	138	29.62 	19.46 	0.00 	64.21 	462.29 	3.89 
2012	139	28.55 	21.13 	0.00 	72.46 	378.32 	3.90 
2012	140	21.88 	13.76 	5.60 	68.91 	327.41 	3.91 
2012	141	15.71 	13.77 	3.70 	91.34 	98.37 	3.91 
2012	142	22.17 	14.19 	5.40 	69.43 	322.64 	3.92 
2012	143	22.90 	14.49 	0.00 	68.17 	449.53 	3.92 
2012	144	19.91 	16.03 	0.10 	83.77 	183.43 	3.93 
2012	145	17.66 	15.90 	14.10 	92.23 	193.39 	3.94 
2012	146	18.71 	16.13 	10.20 	88.86 	129.31 	3.95 
2012	147	21.91 	15.66 	3.40 	75.27 	285.31 	3.96 
2012	148	25.39 	15.01 	0.00 	62.61 	513.69 	3.98 
2012	149	26.01 	15.05 	0.00 	61.06 	522.75 	4.00 
2012	150	26.15 	17.18 	9.10 	67.05 	349.59 	4.03 
2012	151	17.99 	16.13 	86.70 	91.82 	98.83 	4.05 
2012	152	20.33 	15.92 	0.10 	81.79 	213.16 	4.08 
2012	153	20.02 	15.83 	10.10 	82.59 	206.65 	4.10 
2012	154	20.92 	14.95 	8.40 	76.11 	279.74 	4.12 
2012	155	23.42 	16.04 	0.00 	71.66 	432.42 	4.13 
2012	156	22.92 	17.27 	8.70 	77.58 	265.72 	4.14 
2012	157	23.55 	18.96 	2.00 	81.53 	222.04 	4.13 
2012	158	20.92 	18.83 	1.40 	91.05 	113.18 	4.13 
2012	159	25.45 	20.09 	0.10 	78.99 	253.72 	4.12 
2012	160	29.92 	21.92 	5.20 	70.85 	322.22 	4.12 
2012	161	29.27 	24.08 	0.00 	80.11 	313.98 	4.12 
2012	162	28.90 	22.55 	7.20 	76.07 	283.29 	4.14 
2012	163	27.06 	19.47 	8.90 	71.63 	332.98 	4.18 
2012	164	29.29 	21.13 	0.00 	70.23 	449.62 	4.23 
2012	165	30.74 	19.47 	0.00 	61.26 	515.30 	4.31 
2012	166	28.03 	19.88 	0.00 	70.02 	453.21 	4.41 
2012	167	28.40 	20.87 	0.00 	72.08 	430.58 	4.52 
2012	168	27.23 	19.61 	0.00 	71.57 	443.16 	4.63 
2012	169	20.93 	18.62 	41.60 	90.14 	127.35 	4.73 
2012	170	22.91 	19.80 	126.90 	87.10 	166.95 	4.83 
2012	171	23.03 	19.74 	6.20 	86.41 	175.19 	4.90 
2012	172	23.85 	19.73 	0.00 	83.32 	290.55 	4.95 
2012	173	27.54 	19.71 	4.40 	70.96 	342.36 	4.97 
2012	174	21.99 	18.56 	11.80 	85.76 	187.54 	4.96 
2012	175	21.55 	18.46 	69.80 	87.05 	169.93 	4.93 
2012	176	24.48 	20.36 	1.70 	83.40 	213.91 	4.88 
2012	177	26.63 	20.81 	0.00 	77.54 	376.18 	4.83 
2012	178	26.19 	22.07 	19.30 	83.59 	212.89 	4.77 
2012	179	22.75 	21.97 	30.70 	96.63 	223.05 	4.72 
2012	180	26.92 	22.14 	10.30 	81.27 	250.56 	4.68 
2012	181	33.22 	23.96 	0.00 	67.60 	468.47 	4.66 
2012	182	35.11 	25.89 	5.00 	68.09 	333.83 	4.65 
2012	183	33.51 	24.59 	1.30 	68.69 	336.13 	4.65 
2012	184	34.61 	25.59 	0.00 	68.60 	442.39 	4.66 
2012	185	35.41 	26.39 	0.00 	68.75 	434.14 	4.68 
2012	186	36.81 	26.49 	0.00 	65.25 	450.98 	4.69 
2012	187	34.38 	26.02 	0.00 	70.55 	418.11 	4.71 
2012	188	33.08 	27.42 	2.80 	79.01 	236.05 	4.72 
2012	189	32.59 	22.66 	0.10 	65.51 	351.59 	4.72 
2012	190	35.11 	24.39 	14.80 	63.77 	348.95 	4.71 
2012	191	35.81 	25.59 	1.90 	65.34 	334.00 	4.70 
2012	192	31.27 	28.95 	0.00 	90.82 	235.71 	4.69 
2012	193	31.88 	27.47 	0.00 	83.19 	253.48 	4.68 
2012	194	32.17 	23.87 	0.00 	70.33 	426.15 	4.67 
2012	195	30.11 	24.99 	9.30 	80.47 	229.77 	4.67 
2012	196	34.61 	24.89 	16.40 	66.54 	336.31 	4.68 
2012	197	27.81 	22.49 	13.00 	79.46 	247.65 	4.69 
2012	198	28.41 	23.49 	0.10 	80.96 	230.45 	4.72 
2012	199	24.06 	21.88 	1.40 	90.89 	214.66 	4.74 
2012	200	26.87 	21.46 	0.00 	79.01 	340.60 	4.77 
2012	201	29.02 	23.01 	0.00 	77.25 	356.94 	4.81 
2012	202	30.12 	22.14 	0.10 	70.96 	320.29 	4.83 
2012	203	33.04 	22.73 	0.00 	64.49 	470.67 	4.86 
2012	204	32.52 	24.49 	0.00 	71.23 	406.81 	4.88 
2012	205	30.52 	25.28 	0.00 	80.11 	297.68 	4.89 
2012	206	30.36 	25.00 	0.00 	79.68 	303.62 	4.89 
2012	207	31.79 	24.75 	0.00 	74.25 	370.35 	4.88 
2012	208	32.68 	23.71 	9.60 	68.37 	320.35 	4.87 
2012	209	31.39 	23.84 	10.80 	72.54 	287.01 	4.86 
2012	210	35.71 	26.19 	0.00 	67.33 	411.45 	4.84 
2012	211	36.01 	26.99 	0.00 	68.87 	393.92 	4.82 
2012	212	36.21 	27.19 	0.00 	68.91 	391.76 	4.81 
2012	213	33.11 	26.39 	0.00 	75.51 	334.89 	4.79 
2012	214	29.70 	23.35 	12.80 	76.19 	256.66 	4.78 
2012	215	26.67 	23.07 	27.50 	85.59 	162.49 	4.77 
2012	216	26.63 	23.71 	4.70 	88.17 	135.74 	4.75 
2012	217	28.99 	23.24 	8.50 	78.13 	247.34 	4.74 
2012	218	29.19 	22.83 	37.40 	76.08 	267.06 	4.73 
2012	219	30.91 	24.69 	0.10 	76.82 	256.63 	4.71 
2012	220	28.61 	26.19 	0.10 	90.25 	213.70 	4.68 
2012	221	27.21 	23.99 	107.30 	87.07 	256.81 	4.66 
2012	222	29.91 	23.69 	15.00 	76.67 	267.08 	4.63 
2012	223	30.50 	22.75 	19.10 	71.75 	306.91 	4.60 
2012	224	27.06 	23.11 	6.80 	84.31 	188.61 	4.57 
2012	225	30.88 	23.59 	0.00 	73.30 	388.74 	4.54 
2012	226	30.17 	26.14 	0.10 	84.36 	183.06 	4.52 
2012	227	33.92 	24.99 	0.00 	68.73 	417.75 	4.50 
2012	228	31.22 	26.04 	0.10 	80.41 	222.32 	4.48 
2012	229	33.24 	26.30 	0.00 	74.81 	354.20 	4.48 
2012	230	33.85 	24.94 	8.90 	68.78 	309.52 	4.48 
2012	231	34.40 	23.96 	0.00 	64.42 	437.90 	4.48 
2012	232	34.71 	24.39 	8.20 	64.82 	325.91 	4.48 
2012	233	34.91 	24.59 	2.70 	64.86 	323.98 	4.49 
2012	234	34.31 	24.79 	11.40 	67.05 	312.24 	4.49 
2012	235	24.31 	21.49 	23.20 	88.36 	234.38 	4.49 
2012	236	21.91 	20.49 	2.60 	93.89 	207.72 	4.48 
2012	237	27.01 	20.79 	0.10 	76.21 	265.47 	4.47 
2012	238	30.21 	23.59 	1.70 	75.38 	265.78 	4.44 
2012	239	30.71 	24.39 	9.80 	76.45 	254.42 	4.42 
2012	240	30.91 	25.29 	8.50 	78.85 	232.37 	4.39 
2012	241	26.81 	22.50 	11.40 	82.96 	200.00 	4.37 
2012	242	29.91 	21.96 	0.00 	71.00 	400.33 	4.34 
2012	243	29.41 	23.19 	0.00 	76.59 	342.16 	4.32 
2012	244	30.77 	22.81 	0.00 	71.13 	391.68 	4.31 
2012	245	29.35 	21.84 	0.00 	72.31 	382.17 	4.30 
2012	246	30.78 	20.55 	0.00 	64.25 	434.88 	4.30 
2012	247	24.57 	19.56 	0.00 	80.12 	295.79 	4.30 
2012	248	19.69 	16.05 	29.60 	84.69 	179.86 	4.31 
2012	249	21.42 	17.13 	2.80 	82.38 	205.05 	4.32 
2012	250	25.71 	20.14 	6.20 	78.28 	239.81 	4.33 
2012	251	28.92 	21.06 	1.20 	71.11 	289.43 	4.34 
2012	252	27.95 	20.47 	2.00 	72.16 	282.38 	4.34 
2012	253	23.02 	20.19 	9.30 	88.21 	133.82 	4.34 
2012	254	21.61 	19.77 	1.90 	92.12 	192.54 	4.33 
2012	255	27.09 	19.16 	0.00 	70.54 	385.11 	4.32 
2012	256	30.71 	22.09 	33.60 	69.06 	291.85 	4.31 
2012	257	22.71 	15.99 	24.40 	73.77 	275.43 	4.30 
2012	258	21.51 	16.49 	2.00 	79.66 	223.31 	4.28 
2012	259	24.11 	16.99 	0.00 	72.66 	363.85 	4.26 
2012	260	24.91 	17.39 	0.00 	71.47 	371.84 	4.24 
2012	261	25.41 	18.19 	0.00 	72.55 	361.11 	4.23 
2012	262	24.06 	15.73 	0.00 	68.66 	394.59 	4.21 
2012	263	27.67 	17.31 	0.00 	63.18 	415.68 	4.19 
2012	264	28.20 	18.38 	0.00 	64.90 	402.44 	4.18 
2012	265	22.23 	18.32 	0.10 	83.92 	175.88 	4.16 
2012	266	18.27 	17.10 	11.60 	94.80 	165.67 	4.15 
2012	267	21.06 	17.03 	2.50 	83.33 	182.48 	4.14 
2012	268	27.04 	17.21 	0.00 	64.62 	396.10 	4.12 
2012	269	25.76 	17.23 	0.00 	68.35 	373.61 	4.12 
2012	270	26.97 	17.59 	0.00 	65.96 	381.09 	4.11 
2012	271	26.63 	18.95 	0.00 	71.27 	341.94 	4.10 
2012	272	23.78 	15.96 	0.00 	70.27 	353.13 	4.10 
2012	273	22.67 	11.50 	0.00 	59.64 	408.60 	4.09 
2012	274	22.69 	11.30 	0.00 	59.01 	406.68 	4.09 
2012	275	25.88 	13.64 	0.00 	57.38 	401.92 	4.08 
2012	276	25.89 	15.37 	0.00 	62.31 	379.43 	4.07 
2012	277	25.87 	14.95 	0.00 	61.14 	379.73 	4.07 
2012	278	26.22 	14.49 	0.00 	58.89 	382.79 	4.06 
2012	279	21.16 	16.25 	0.00 	80.01 	235.88 	4.05 
2012	280	24.01 	15.10 	0.10 	66.80 	266.03 	4.04 
2012	281	23.14 	15.74 	0.00 	71.55 	306.41 	4.03 
2012	282	25.69 	14.38 	0.00 	59.96 	365.36 	4.02 
2012	283	24.46 	15.17 	0.00 	65.71 	333.98 	4.02 
2012	284	23.57 	14.17 	0.00 	65.16 	332.24 	4.01 
2012	285	23.40 	13.00 	0.00 	62.08 	345.08 	4.01 
2012	286	23.75 	13.10 	0.00 	61.42 	344.30 	4.02 
2012	287	20.67 	14.85 	0.00 	76.61 	242.65 	4.02 
2012	288	21.47 	15.54 	9.50 	76.34 	187.90 	4.02 
2012	289	24.46 	15.52 	0.00 	66.80 	306.44 	4.02 
2012	290	26.42 	14.68 	5.90 	58.92 	267.69 	4.02 
2012	291	20.19 	10.05 	3.50 	62.11 	259.42 	4.01 
2012	292	22.92 	9.71 	0.00 	54.00 	351.15 	4.00 
2012	293	23.58 	10.64 	0.00 	54.89 	344.29 	3.99 
2012	294	26.51 	14.39 	0.00 	57.89 	326.99 	3.97 
2012	295	28.91 	15.79 	0.00 	55.78 	325.02 	3.95 
2012	296	22.11 	13.89 	13.60 	68.62 	209.65 	3.92 
2012	297	19.11 	10.69 	0.10 	67.33 	214.59 	3.89 
2012	298	22.31 	10.69 	0.00 	58.23 	312.47 	3.86 
2012	299	22.91 	15.49 	0.00 	71.43 	240.01 	3.83 
2012	300	28.21 	16.79 	0.00 	60.25 	292.08 	3.80 
2012	301	22.11 	17.89 	0.00 	82.73 	151.67 	3.78 
2012	302	22.66 	13.65 	0.00 	66.19 	266.36 	3.75 
2012	303	16.26 	11.38 	6.40 	79.43 	139.64 	3.73 
2012	304	12.26 	9.77 	14.90 	88.70 	180.02 	3.71 
2012	305	14.23 	9.28 	8.60 	78.85 	147.30 	3.69 
2012	306	17.63 	6.64 	0.00 	58.91 	299.45 	3.68 
2012	307	19.44 	9.30 	0.00 	61.93 	285.61 	3.67 
2012	308	19.00 	10.23 	1.10 	66.17 	212.25 	3.67 
2012	309	19.35 	6.70 	13.80 	54.56 	245.79 	3.68 
2012	310	17.49 	6.95 	0.00 	60.23 	283.83 	3.69 
2012	311	14.55 	3.99 	0.00 	59.44 	284.10 	3.71 
2012	312	19.29 	6.22 	0.00 	53.40 	296.97 	3.72 
2012	313	12.42 	9.35 	0.10 	86.23 	191.33 	3.74 
2012	314	13.73 	10.19 	7.80 	84.42 	104.25 	3.75 
2012	315	14.48 	10.03 	1.70 	80.85 	128.49 	3.76 
2012	316	14.21 	6.65 	0.00 	69.22 	239.64 	3.76 
2012	317	15.68 	6.00 	0.00 	62.48 	265.32 	3.76 
2012	318	19.54 	7.58 	0.00 	56.56 	278.12 	3.74 
2012	319	16.62 	6.42 	0.00 	61.08 	264.01 	3.73 
2012	320	14.46 	4.96 	0.00 	62.76 	257.36 	3.71 
2012	321	10.22 	5.78 	11.40 	80.27 	126.92 	3.68 
2012	322	13.38 	4.54 	4.70 	64.66 	202.25 	3.66 
2012	323	17.69 	5.37 	0.00 	55.04 	274.67 	3.64 
2012	324	18.63 	5.42 	0.00 	52.84 	276.15 	3.62 
2012	325	14.90 	8.20 	0.00 	72.42 	212.65 	3.61 
2012	326	11.53 	10.19 	11.40 	93.75 	147.75 	3.59 
2012	327	12.23 	8.61 	15.20 	83.90 	108.33 	3.59 
2012	328	8.55 	4.09 	19.60 	79.94 	133.17 	3.58 
2012	329	10.99 	2.73 	0.00 	66.08 	241.86 	3.58 
2012	330	16.67 	4.61 	8.20 	55.50 	220.15 	3.57 
2012	331	10.84 	2.46 	3.60 	65.64 	194.70 	3.57 
2012	332	14.27 	2.11 	0.00 	54.58 	263.97 	3.56 
2012	333	12.11 	7.39 	1.20 	79.43 	131.03 	3.56 
2012	334	11.51 	7.09 	1.60 	80.54 	123.64 	3.55 
2012	335	9.61 	7.89 	6.10 	91.91 	155.78 	3.54 
2012	336	9.01 	7.49 	9.90 	92.79 	152.12 	3.54 
2012	337	6.08 	4.26 	17.80 	91.21 	161.71 	3.53 
2012	338	11.81 	3.70 	0.00 	66.78 	232.85 	3.52 
2012	339	11.80 	0.78 	0.00 	57.29 	254.91 	3.51 
2012	340	13.75 	1.77 	0.00 	54.96 	256.73 	3.50 
2012	341	11.77 	0.29 	0.00 	55.88 	254.79 	3.49 
2012	342	14.57 	5.23 	0.00 	63.29 	239.91 	3.48 
2012	343	10.64 	3.01 	0.00 	68.21 	223.59 	3.47 
2012	344	5.02 	-1.98 	0.00 	69.27 	216.62 	3.46 
2012	345	2.30 	-1.61 	0.00 	81.35 	150.36 	3.46 
2012	346	6.42 	-0.14 	0.00 	71.26 	208.52 	3.45 
2012	347	8.41 	0.99 	0.00 	68.48 	220.38 	3.44 
2012	348	16.31 	4.29 	0.00 	55.52 	249.42 	3.44 
2012	349	22.51 	10.29 	4.80 	56.60 	182.94 	3.43 
2012	350	9.71 	5.99 	27.90 	83.18 	111.05 	3.43 
2012	351	6.38 	5.43 	9.40 	95.35 	139.70 	3.42 
2012	352	5.65 	2.13 	0.10 	83.51 	110.49 	3.42 
2012	353	1.14 	-4.31 	11.10 	74.51 	157.69 	3.42 
2012	354	4.84 	-6.61 	0.00 	54.01 	254.15 	3.42 
2012	355	6.75 	-0.24 	8.20 	69.70 	179.79 	3.42 
2012	356	6.31 	3.39 	9.00 	86.23 	195.20 	3.43 
2012	357	3.31 	2.89 	5.90 	97.87 	130.82 	3.43 
2012	358	3.01 	-0.41 	0.00 	83.62 	143.59 	3.44 
2012	359	7.19 	-1.15 	0.00 	64.92 	236.59 	3.45 
2012	360	7.42 	-2.29 	0.00 	60.29 	247.19 	3.45 
2012	361	1.54 	-0.06 	8.20 	91.95 	160.26 	3.45 
2012	362	5.07 	1.60 	22.00 	83.66 	118.78 	3.44 
2012	363	7.41 	4.39 	0.10 	85.91 	105.75 	3.43 
2012	364	5.11 	-0.51 	14.00 	74.65 	168.01 	3.41 
2012	365	0.11 	-4.31 	1.60 	78.55 	144.89 	3.38 
2013	1	4.23 	-0.89 	0.00 	46.52 	262.61 	3.35 
2013	2	3.44 	-2.43 	0.00 	73.35 	208.06 	3.31 
2013	3	-2.73 	-6.19 	2.20 	82.05 	154.77 	3.27 
2013	4	-3.83 	-6.07 	7.00 	87.86 	121.87 	3.23 
2013	5	-1.92 	-4.42 	2.90 	86.97 	132.75 	3.19 
2013	6	-1.10 	-2.64 	5.70 	91.95 	102.05 	3.16 
2013	7	2.31 	-1.01 	0.10 	83.98 	162.41 	3.14 
2013	8	2.11 	-0.21 	0.00 	88.55 	159.54 	3.14 
2013	9	5.01 	1.09 	0.00 	81.69 	182.70 	3.14 
2013	10	5.21 	-0.01 	0.00 	76.28 	217.39 	3.15 
2013	11	4.31 	-2.21 	0.00 	70.97 	242.23 	3.16 
2013	12	6.21 	-0.51 	10.90 	70.59 	200.68 	3.18 
2013	13	4.41 	2.99 	20.70 	92.99 	164.49 	3.20 
2013	14	8.91 	2.49 	0.00 	72.28 	247.00 	3.21 
2013	15	6.01 	1.69 	0.00 	80.14 	206.12 	3.22 
2013	16	5.11 	2.49 	0.00 	87.45 	144.76 	3.22 
2013	17	2.70 	-3.66 	0.00 	71.24 	252.61 	3.21 
2013	18	7.71 	-6.23 	0.00 	47.66 	289.44 	3.20 
2013	19	12.87 	-2.41 	0.00 	45.72 	290.29 	3.18 
2013	20	20.73 	3.15 	0.00 	42.61 	289.23 	3.16 
2013	21	4.01 	-3.89 	23.80 	65.72 	221.08 	3.14 
2013	22	-0.40 	-4.24 	1.70 	81.00 	146.04 	3.11 
2013	23	4.71 	-4.03 	0.00 	62.90 	278.92 	3.09 
2013	24	11.19 	0.49 	0.00 	58.12 	289.53 	3.07 
2013	25	13.46 	-1.91 	0.00 	45.65 	302.45 	3.05 
2013	26	12.58 	2.30 	0.00 	59.79 	288.07 	3.03 
2013	27	10.71 	0.06 	0.00 	58.14 	292.63 	3.02 
2013	28	17.15 	-0.13 	0.00 	42.20 	308.84 	3.01 
2013	29	14.53 	5.49 	0.10 	64.26 	223.27 	3.00 
2013	30	18.28 	7.93 	0.00 	61.00 	284.89 	3.00 
2013	31	19.47 	8.94 	0.10 	60.74 	234.09 	3.01 
2013	32	14.84 	7.14 	3.30 	68.86 	209.59 	3.03 
2013	33	7.36 	3.37 	0.10 	81.73 	137.20 	3.05 
2013	34	19.91 	3.53 	0.00 	45.14 	320.02 	3.07 
2013	35	15.19 	4.33 	6.67 	58.66 	242.59 	3.10 
2013	36	6.63 	3.00 	8.40 	83.16 	121.44 	3.12 
2013	37	3.31 	2.23 	0.00 	94.58 	165.68 	3.15 
2013	38	2.57 	-3.94 	8.60 	70.63 	196.04 	3.17 
2013	39	-4.10 	-6.31 	12.20 	87.96 	119.83 	3.19 
2013	40	-2.15 	-5.98 	0.10 	80.47 	171.43 	3.20 
2013	41	6.77 	-4.09 	0.00 	56.39 	357.29 	3.20 
2013	42	2.59 	-0.34 	6.61 	85.77 	141.83 	3.20 
2013	43	2.61 	0.16 	7.70 	87.99 	125.93 	3.20 
2013	44	6.05 	-0.51 	3.99 	71.18 	238.75 	3.19 
2013	45	3.70 	1.69 	7.50 	90.15 	111.81 	3.19 
2013	46	4.73 	1.71 	1.90 	85.61 	110.79 	3.18 
2013	47	12.62 	0.82 	0.00 	55.18 	341.38 	3.17 
2013	48	12.73 	5.26 	0.10 	69.23 	224.34 	3.17 
2013	49	6.73 	0.20 	14.50 	71.42 	215.48 	3.16 
2013	50	-0.06 	-3.52 	17.70 	82.87 	139.27 	3.16 
2013	51	5.45 	-2.49 	0.00 	65.92 	319.59 	3.16 
2013	52	5.01 	0.82 	1.10 	80.55 	163.01 	3.15 
2013	53	6.51 	2.89 	1.70 	83.19 	146.28 	3.15 
2013	54	15.39 	3.38 	0.00 	55.32 	370.63 	3.15 
2013	55	16.02 	3.88 	2.71 	55.10 	299.43 	3.15 
2013	56	21.34 	9.35 	1.56 	56.94 	293.11 	3.15 
2013	57	11.16 	8.94 	8.20 	89.78 	196.73 	3.14 
2013	58	8.80 	6.86 	0.10 	90.86 	191.85 	3.14 
2013	59	22.32 	6.70 	0.10 	47.64 	317.53 	3.14 
2013	60	16.22 	0.21 	16.70 	44.92 	327.94 	3.13 
2013	61	4.08 	-1.89 	1.60 	73.07 	239.20 	3.13 
2013	62	12.53 	-2.19 	0.00 	47.04 	417.58 	3.13 
2013	63	20.13 	6.05 	0.00 	50.93 	406.71 	3.13 
2013	64	21.99 	7.68 	0.00 	50.83 	408.42 	3.13 
2013	65	25.40 	12.42 	0.00 	55.26 	394.84 	3.13 
2013	66	23.94 	14.40 	0.00 	64.83 	358.71 	3.14 
2013	67	29.25 	15.00 	0.00 	52.95 	395.84 	3.14 
2013	68	28.96 	19.54 	0.00 	66.26 	337.51 	3.15 
2013	69	21.88 	3.21 	1.23 	40.55 	346.54 	3.15 
2013	70	15.06 	3.03 	0.00 	55.16 	407.81 	3.16 
2013	71	15.37 	5.91 	0.00 	63.10 	369.76 	3.17 
2013	72	17.39 	10.18 	0.20 	71.09 	238.60 	3.18 
2013	73	19.45 	9.97 	0.70 	63.99 	280.49 	3.18 
2013	74	16.27 	0.71 	0.00 	46.03 	445.44 	3.19 
2013	75	18.72 	7.23 	1.70 	57.71 	308.21 	3.20 
2013	76	15.58 	9.82 	9.00 	75.99 	193.15 	3.21 
2013	77	15.20 	5.37 	0.00 	61.89 	375.76 	3.22 
2013	78	13.81 	7.22 	0.20 	72.61 	222.16 	3.23 
2013	79	12.25 	3.48 	1.90 	64.64 	276.82 	3.24 
2013	80	12.35 	3.64 	4.90 	64.85 	274.21 	3.25 
2013	81	11.95 	3.40 	13.90 	65.31 	272.31 	3.25 
2013	82	7.33 	0.73 	8.70 	71.29 	227.87 	3.26 
2013	83	12.49 	2.01 	0.00 	59.15 	398.74 	3.26 
2013	84	13.92 	3.61 	0.00 	60.03 	396.10 	3.27 
2013	85	4.56 	2.71 	1.50 	90.96 	180.36 	3.27 
2013	86	14.92 	4.61 	0.00 	60.29 	406.27 	3.27 
2013	87	21.55 	7.63 	0.00 	51.73 	450.78 	3.27 
2013	88	12.17 	7.09 	0.00 	78.02 	235.65 	3.27 
2013	89	20.71 	5.57 	0.00 	48.39 	471.42 	3.27 
2013	90	17.42 	7.20 	0.00 	61.20 	402.66 	3.27 
2013	91	16.26 	5.71 	2.07 	59.90 	316.01 	3.27 
2013	92	18.46 	9.34 	0.00 	64.91 	376.48 	3.27 
2013	93	18.35 	6.38 	9.51 	56.23 	342.06 	3.26 
2013	94	22.45 	10.13 	0.10 	56.30 	341.26 	3.26 
2013	95	15.26 	10.33 	6.70 	79.08 	183.93 	3.25 
2013	96	11.83 	4.23 	1.80 	68.57 	272.75 	3.24 
2013	97	18.43 	2.78 	0.00 	46.47 	509.35 	3.24 
2013	98	22.50 	7.62 	0.00 	49.54 	492.45 	3.23 
2013	99	17.51 	9.21 	0.00 	67.40 	377.73 	3.22 
2013	100	20.61 	5.61 	0.00 	48.68 	506.15 	3.21 
2013	101	19.78 	6.53 	0.00 	53.05 	486.10 	3.20 
2013	102	25.29 	12.82 	0.00 	56.61 	455.94 	3.19 
2013	103	26.58 	15.06 	0.00 	59.57 	432.79 	3.19 
2013	104	29.19 	13.85 	0.00 	50.23 	487.69 	3.18 
2013	105	33.23 	11.98 	0.00 	38.64 	522.33 	3.18 
2013	106	26.88 	20.13 	2.80 	74.39 	215.24 	3.18 
2013	107	27.51 	16.98 	0.00 	62.63 	404.30 	3.18 
2013	108	22.46 	10.23 	0.00 	56.56 	460.23 	3.18 
2013	109	12.96 	8.05 	0.00 	78.81 	241.83 	3.19 
2013	110	9.48 	4.48 	12.00 	77.91 	191.09 	3.19 
2013	111	13.72 	4.33 	5.65 	62.94 	316.78 	3.20 
2013	112	14.32 	5.39 	6.90 	64.57 	304.11 	3.21 
2013	113	22.59 	9.74 	13.80 	54.89 	364.38 	3.22 
2013	114	23.81 	9.34 	0.00 	50.93 	504.94 	3.23 
2013	115	21.68 	10.57 	0.00 	59.55 	439.06 	3.24 
2013	116	30.27 	12.82 	0.00 	45.63 	517.02 	3.25 
2013	117	28.06 	17.82 	0.00 	63.61 	391.68 	3.26 
2013	118	29.06 	18.10 	0.00 	61.76 	404.16 	3.28 
2013	119	26.17 	14.84 	0.00 	60.01 	429.75 	3.29 
2013	120	18.48 	11.89 	61.80 	73.48 	224.94 	3.31 
2013	121	24.98 	12.28 	0.00 	55.91 	469.88 	3.33 
2013	122	24.05 	11.19 	0.00 	55.22 	475.33 	3.35 
2013	123	26.13 	10.60 	0.00 	48.94 	515.61 	3.37 
2013	124	26.55 	13.79 	0.00 	56.14 	463.38 	3.38 
2013	125	25.14 	13.15 	0.00 	57.90 	447.09 	3.40 
2013	126	17.52 	15.07 	15.60 	89.31 	190.86 	3.42 
2013	127	19.23 	15.96 	3.65 	86.11 	117.07 	3.43 
2013	128	19.81 	16.52 	14.10 	86.09 	120.38 	3.44 
2013	129	23.26 	17.66 	4.00 	77.80 	193.46 	3.45 
2013	130	21.96 	14.16 	20.20 	69.99 	269.68 	3.45 
2013	131	27.56 	14.10 	0.10 	54.55 	374.48 	3.47 
2013	132	30.24 	17.99 	0.00 	58.43 	461.08 	3.48 
2013	133	33.15 	20.59 	0.00 	58.31 	451.54 	3.50 
2013	134	32.05 	19.94 	0.00 	59.25 	450.66 	3.53 
2013	135	24.88 	19.04 	4.20 	77.19 	211.11 	3.56 
2013	136	19.45 	18.03 	37.20 	93.78 	168.38 	3.61 
2013	137	18.77 	17.68 	5.20 	95.17 	160.64 	3.66 
2013	138	19.77 	17.12 	7.00 	88.66 	113.71 	3.72 
2013	139	26.04 	15.81 	6.36 	63.20 	343.78 	3.79 
2013	140	28.46 	19.31 	0.00 	66.97 	411.05 	3.85 
2013	141	30.50 	20.03 	0.00 	63.48 	439.80 	3.91 
2013	142	31.05 	20.09 	0.00 	62.21 	449.38 	3.97 
2013	143	26.74 	19.51 	2.78 	72.76 	262.18 	4.03 
2013	144	31.30 	20.30 	0.00 	62.16 	455.43 	4.07 
2013	145	17.78 	11.45 	0.20 	74.28 	260.82 	4.11 
2013	146	24.03 	13.67 	0.00 	62.35 	485.03 	4.15 
2013	147	24.69 	15.23 	0.00 	65.23 	456.58 	4.17 
2013	148	22.88 	14.25 	0.00 	67.46 	438.48 	4.19 
2013	149	21.17 	14.17 	0.00 	72.54 	383.20 	4.21 
2013	150	26.51 	12.84 	0.00 	53.72 	545.25 	4.22 
2013	151	30.05 	18.10 	0.00 	59.20 	495.60 	4.22 
2013	152	25.47 	17.01 	0.00 	68.52 	423.62 	4.23 
2013	153	24.68 	16.82 	4.50 	70.31 	307.09 	4.23 
2013	154	29.34 	21.32 	0.00 	70.67 	398.14 	4.22 
2013	155	24.43 	16.42 	0.00 	69.78 	426.46 	4.22 
2013	156	28.04 	18.25 	0.00 	64.96 	462.81 	4.22 
2013	157	27.27 	20.33 	8.01 	73.82 	268.09 	4.22 
2013	158	21.67 	18.27 	87.00 	85.84 	147.78 	4.23 
2013	159	31.49 	19.79 	0.10 	60.23 	361.52 	4.24 
2013	160	33.72 	25.20 	9.07 	69.94 	281.33 	4.25 
2013	161	32.71 	25.40 	1.00 	73.54 	255.90 	4.27 
2013	162	33.30 	25.74 	0.10 	72.84 	263.09 	4.29 
2013	163	31.71 	24.54 	0.10 	73.82 	262.61 	4.32 
2013	164	27.79 	20.27 	40.50 	72.00 	293.56 	4.35 
2013	165	23.25 	18.87 	1.00 	82.27 	193.54 	4.38 
2013	166	20.97 	18.16 	61.40 	88.12 	129.74 	4.40 
2013	167	18.70 	17.46 	63.80 	94.52 	170.01 	4.42 
2013	168	22.77 	17.78 	7.20 	79.95 	217.71 	4.44 
2013	169	26.15 	20.78 	17.40 	79.04 	226.23 	4.46 
2013	170	22.78 	18.76 	61.50 	83.57 	182.42 	4.47 
2013	171	25.13 	22.17 	8.45 	87.89 	134.57 	4.48 
2013	172	29.44 	20.65 	5.52 	68.28 	331.58 	4.48 
2013	173	25.56 	20.76 	7.95 	81.02 	215.63 	4.48 
2013	174	31.05 	23.37 	7.42 	72.07 	297.71 	4.47 
2013	175	26.00 	22.87 	3.10 	87.31 	144.76 	4.45 
2013	176	28.35 	22.95 	4.30 	79.25 	237.63 	4.43 
2013	177	22.86 	18.33 	47.50 	81.65 	221.84 	4.41 
2013	178	20.93 	19.50 	63.40 	93.81 	182.44 	4.38 
2013	179	20.95 	19.58 	10.20 	94.06 	180.96 	4.36 
2013	180	26.89 	20.11 	17.00 	74.30 	309.97 	4.33 
2013	181	29.04 	21.17 	17.70 	71.11 	334.53 	4.31 
2013	182	34.58 	24.43 	0.00 	65.28 	469.37 	4.29 
2013	183	35.12 	26.33 	0.00 	69.38 	428.95 	4.28 
2013	184	33.57 	27.36 	0.00 	77.25 	347.65 	4.28 
2013	185	33.30 	27.53 	0.00 	78.68 	330.76 	4.29 
2013	186	31.80 	21.48 	0.00 	64.20 	495.86 	4.30 
2013	187	28.32 	22.05 	1.50 	76.26 	289.78 	4.32 
2013	188	31.13 	25.68 	0.00 	79.46 	328.24 	4.34 
2013	189	33.49 	25.42 	0.00 	71.28 	423.85 	4.35 
2013	190	33.51 	26.20 	0.00 	73.68 	397.74 	4.36 
2013	191	35.27 	26.18 	0.00 	68.52 	438.32 	4.37 
2013	192	35.10 	27.19 	0.00 	72.06 	403.09 	4.37 
2013	193	34.79 	25.57 	0.00 	68.03 	443.53 	4.36 
2013	194	27.08 	22.93 	0.00 	83.58 	278.85 	4.35 
2013	195	26.68 	22.45 	0.50 	83.24 	213.69 	4.34 
2013	196	27.59 	22.57 	0.70 	80.49 	244.01 	4.33 
2013	197	23.39 	20.81 	1.30 	89.24 	138.80 	4.32 
2013	198	27.10 	22.44 	0.90 	81.72 	229.48 	4.32 
2013	199	29.51 	22.45 	3.30 	73.81 	306.81 	4.33 
2013	200	27.42 	21.91 	28.10 	78.73 	261.42 	4.34 
2013	201	23.82 	21.38 	13.10 	89.83 	129.82 	4.36 
2013	202	29.25 	21.38 	0.00 	71.15 	441.70 	4.39 
2013	203	30.45 	23.25 	0.00 	73.51 	406.57 	4.43 
2013	204	39.81 	30.43 	0.00 	68.53 	392.33 	4.46 
2013	205	39.24 	27.02 	0.00 	60.60 	454.66 	4.51 
2013	206	40.15 	28.39 	0.00 	62.03 	434.83 	4.55 
2013	207	39.12 	28.18 	0.00 	64.01 	425.83 	4.59 
2013	208	40.14 	27.19 	0.00 	58.92 	449.46 	4.63 
2013	209	32.42 	27.00 	0.00 	79.74 	281.38 	4.67 
2013	210	33.54 	25.88 	0.00 	72.57 	368.89 	4.70 
2013	211	34.60 	26.23 	0.00 	70.56 	384.92 	4.73 
2013	212	33.72 	23.13 	0.00 	63.85 	453.05 	4.75 
2013	213	31.41 	24.75 	73.30 	75.44 	257.43 	4.77 
2013	214	30.28 	23.27 	2.40 	74.10 	272.88 	4.77 
2013	215	30.72 	24.07 	0.00 	75.36 	344.78 	4.76 
2013	216	30.73 	23.51 	0.50 	73.49 	277.87 	4.74 
2013	217	27.18 	22.81 	11.70 	82.79 	190.63 	4.71 
2013	218	31.19 	23.18 	0.50 	71.06 	296.58 	4.67 
2013	219	29.49 	23.27 	34.50 	76.60 	251.31 	4.63 
2013	220	39.24 	27.02 	0.00 	60.60 	434.18 	4.59 
2013	221	40.15 	28.39 	0.00 	62.03 	414.93 	4.54 
2013	222	39.12 	28.18 	0.00 	64.01 	405.29 	4.51 
2013	223	40.14 	27.19 	0.00 	58.92 	432.86 	4.48 
2013	224	38.67 	27.14 	0.00 	62.31 	415.43 	4.46 
2013	225	37.42 	26.30 	0.00 	63.15 	412.88 	4.45 
2013	226	37.09 	27.50 	0.00 	67.40 	373.53 	4.45 
2013	227	36.30 	26.13 	0.00 	65.57 	390.23 	4.45 
2013	228	36.57 	25.01 	0.00 	61.77 	416.81 	4.46 
2013	229	37.07 	25.65 	0.00 	62.26 	406.47 	4.47 
2013	230	36.02 	24.56 	0.00 	61.92 	411.09 	4.48 
2013	231	27.49 	23.21 	101.90 	83.15 	154.11 	4.49 
2013	232	30.20 	24.34 	3.56 	77.93 	199.73 	4.50 
2013	233	25.94 	24.27 	3.30 	93.06 	169.97 	4.50 
2013	234	26.19 	24.16 	10.10 	91.63 	182.05 	4.50 
2013	235	29.33 	23.90 	2.00 	79.29 	197.45 	4.50 
2013	236	31.26 	24.23 	0.00 	74.20 	320.68 	4.50 
2013	237	30.66 	23.84 	6.10 	74.78 	240.48 	4.49 
2013	238	25.74 	23.01 	36.40 	88.84 	113.89 	4.48 
2013	239	26.30 	22.92 	0.00 	86.38 	184.43 	4.47 
2013	240	31.22 	23.93 	0.00 	73.36 	338.43 	4.46 
2013	241	32.65 	23.92 	3.50 	69.10 	284.54 	4.44 
2013	242	27.72 	21.62 	12.40 	76.73 	235.43 	4.42 
2013	243	25.33 	19.64 	0.00 	77.80 	302.30 	4.40 
2013	244	25.74 	18.32 	0.00 	71.96 	368.03 	4.39 
2013	245	25.81 	18.74 	0.00 	73.14 	353.58 	4.37 
2013	246	25.27 	19.22 	0.00 	76.53 	315.15 	4.36 
2013	247	26.07 	17.42 	0.00 	68.04 	398.09 	4.35 
2013	248	19.87 	17.11 	0.00 	88.22 	165.72 	4.34 
2013	249	18.14 	16.99 	4.30 	94.88 	164.74 	4.34 
2013	250	18.71 	17.46 	15.60 	94.48 	169.06 	4.34 
2013	251	22.97 	18.44 	0.00 	81.67 	265.12 	4.34 
2013	252	29.15 	19.79 	0.00 	66.49 	410.12 	4.34 
2013	253	30.74 	22.24 	0.00 	69.43 	382.18 	4.34 
2013	254	25.25 	22.01 	3.60 	86.82 	148.44 	4.34 
2013	255	27.75 	21.55 	0.10 	76.39 	252.42 	4.34 
2013	256	26.75 	19.88 	4.20 	73.97 	274.95 	4.33 
2013	257	29.36 	20.51 	9.80 	68.09 	306.40 	4.32 
2013	258	28.50 	22.05 	0.00 	75.67 	337.42 	4.30 
2013	259	30.07 	19.85 	0.00 	64.12 	417.59 	4.28 
2013	260	26.98 	19.12 	0.00 	70.75 	385.56 	4.26 
2013	261	25.80 	19.68 	0.00 	76.37 	334.13 	4.23 
2013	262	29.70 	19.96 	0.00 	65.45 	403.76 	4.20 
2013	263	28.35 	19.84 	0.00 	68.94 	381.22 	4.17 
2013	264	23.71 	21.14 	7.60 	89.30 	119.19 	4.13 
2013	265	24.65 	22.27 	0.10 	90.13 	109.88 	4.09 
2013	266	26.81 	23.24 	0.10 	85.71 	156.56 	4.05 
2013	267	28.97 	17.65 	0.00 	60.72 	413.29 	4.01 
2013	268	17.25 	14.66 	3.70 	88.70 	128.20 	3.97 
2013	269	22.74 	13.72 	0.00 	66.18 	395.43 	3.94 
2013	270	21.73 	16.09 	0.00 	77.42 	304.38 	3.90 
2013	271	18.95 	15.70 	7.24 	86.16 	153.83 	3.87 
2013	272	22.41 	15.36 	0.00 	72.59 	347.48 	3.84 
2013	273	24.14 	16.21 	0.00 	69.98 	360.47 	3.82 
2013	274	22.55 	16.01 	0.00 	74.37 	326.83 	3.81 
2013	275	23.86 	14.74 	0.00 	66.10 	378.42 	3.79 
2013	276	22.03 	12.44 	0.00 	64.23 	386.57 	3.78 
2013	277	25.41 	13.84 	0.00 	59.16 	396.09 	3.78 
2013	278	22.52 	13.87 	0.00 	67.31 	360.38 	3.77 
2013	279	19.70 	16.82 	30.10 	87.73 	123.79 	3.77 
2013	280	20.86 	19.26 	246.40 	93.08 	172.34 	3.77 
2013	281	19.05 	16.59 	48.60 	89.38 	107.04 	3.77 
2013	282	22.37 	16.84 	0.10 	77.92 	210.21 	3.77 
2013	283	29.35 	17.86 	0.10 	60.32 	286.77 	3.78 
2013	284	27.37 	18.42 	0.00 	67.38 	332.90 	3.78 
2013	285	26.57 	16.12 	0.00 	62.67 	352.88 	3.77 
2013	286	25.53 	17.40 	0.00 	69.59 	316.23 	3.77 
2013	287	29.43 	16.51 	0.00 	56.45 	360.09 	3.76 
2013	288	18.23 	8.52 	2.20 	62.98 	278.56 	3.75 
2013	289	15.37 	6.40 	0.00 	64.69 	342.95 	3.73 
2013	290	14.20 	11.31 	0.00 	87.17 	156.46 	3.71 
2013	291	17.74 	13.95 	0.00 	83.88 	191.77 	3.69 
2013	292	16.47 	13.48 	1.40 	86.97 	122.36 	3.67 
2013	293	19.51 	14.27 	0.00 	78.55 	246.16 	3.64 
2013	294	18.32 	12.17 	0.00 	75.02 	272.52 	3.62 
2013	295	18.96 	11.35 	0.00 	70.02 	300.66 	3.60 
2013	296	20.41 	11.18 	0.00 	65.00 	320.11 	3.58 
2013	297	17.67 	10.31 	0.00 	70.63 	292.62 	3.56 
2013	298	15.05 	7.93 	0.00 	70.94 	286.99 	3.54 
2013	299	15.90 	7.06 	0.00 	65.25 	314.02 	3.53 
2013	300	20.05 	9.80 	0.00 	61.74 	320.17 	3.51 
2013	301	23.41 	11.23 	0.00 	56.94 	325.63 	3.50 
2013	302	24.72 	14.30 	0.00 	62.32 	304.41 	3.49 
2013	303	19.41 	14.99 	0.00 	81.62 	188.23 	3.48 
2013	304	15.96 	14.80 	1.90 	94.75 	150.44 	3.47 
2013	305	20.64 	14.44 	0.00 	75.23 	239.84 	3.47 
2013	306	20.09 	14.09 	0.10 	75.86 	185.29 	3.46 
2013	307	15.59 	12.82 	4.40 	87.80 	103.01 	3.45 
2013	308	17.48 	10.21 	0.00 	70.89 	268.41 	3.45 
2013	309	19.41 	9.98 	0.00 	64.15 	291.56 	3.44 
2013	310	18.68 	11.19 	0.00 	70.37 	261.33 	3.43 
2013	311	22.31 	12.32 	0.00 	63.06 	284.27 	3.42 
2013	312	22.79 	12.71 	0.00 	62.91 	280.79 	3.40 
2013	313	27.54 	16.55 	0.00 	61.32 	277.49 	3.39 
2013	314	20.68 	10.26 	1.10 	61.37 	229.26 	3.37 
2013	315	12.91 	7.29 	0.10 	76.05 	171.15 	3.36 
2013	316	7.86 	6.06 	12.00 	91.43 	68.13 	3.34 
2013	317	11.88 	7.64 	5.10 	81.32 	142.30 	3.32 
2013	318	11.42 	8.01 	0.10 	84.68 	120.70 	3.30 
2013	319	15.43 	6.57 	0.00 	65.06 	270.84 	3.29 
2013	320	18.64 	9.55 	0.00 	65.05 	265.73 	3.28 
2013	321	15.05 	6.21 	0.00 	65.05 	264.06 	3.26 
2013	322	11.90 	4.97 	0.00 	70.98 	237.69 	3.25 
2013	323	14.76 	5.34 	0.00 	63.09 	264.38 	3.24 
2013	324	17.77 	8.06 	0.00 	62.88 	261.17 	3.23 
2013	325	19.90 	10.03 	0.00 	62.89 	257.79 	3.22 
2013	326	17.80 	9.84 	0.00 	68.59 	238.23 	3.22 
2013	327	19.91 	11.58 	0.00 	67.81 	238.56 	3.21 
2013	328	17.56 	5.72 	9.10 	56.38 	221.20 	3.20 
2013	329	12.95 	5.56 	0.00 	69.56 	229.69 	3.20 
2013	330	13.02 	6.24 	0.00 	71.77 	219.76 	3.19 
2013	331	9.06 	3.01 	0.00 	73.73 	210.60 	3.18 
2013	332	8.42 	-1.21 	0.00 	60.81 	256.87 	3.18 
2013	333	8.78 	-0.49 	0.00 	62.11 	251.35 	3.18 
2013	334	13.84 	2.58 	0.00 	57.10 	258.31 	3.17 
2013	335	13.72 	5.50 	0.00 	66.83 	231.31 	3.17 
2013	336	16.17 	6.21 	0.00 	61.70 	244.26 	3.17 
2013	337	19.55 	9.54 	0.00 	62.37 	238.59 	3.17 
2013	338	13.13 	6.58 	0.00 	72.62 	200.77 	3.17 
2013	339	17.20 	7.48 	0.00 	62.72 	236.83 	3.17 
2013	340	10.63 	4.91 	0.00 	75.28 	185.80 	3.17 
2013	341	11.94 	3.72 	0.00 	66.43 	225.38 	3.17 
2013	342	18.42 	6.99 	0.00 	57.81 	245.53 	3.17 
2013	343	12.49 	1.75 	0.00 	58.35 	245.37 	3.17 
2013	344	9.00 	-1.04 	0.00 	59.63 	242.13 	3.17 
2013	345	9.16 	1.51 	0.00 	67.82 	216.86 	3.16 
2013	346	11.42 	1.16 	0.00 	59.56 	238.99 	3.16 
2013	347	11.18 	4.71 	0.00 	72.54 	192.54 	3.15 
2013	348	11.56 	3.91 	0.00 	68.35 	209.33 	3.14 
2013	349	7.71 	4.63 	3.30 	85.68 	85.72 	3.14 
2013	350	4.46 	-0.11 	53.20 	78.85 	123.83 	3.13 
2013	351	1.21 	-0.19 	32.40 	92.90 	48.39 	3.13 
2013	352	6.21 	0.39 	4.20 	74.08 	149.80 	3.12 
2013	353	3.41 	-1.11 	0.00 	78.90 	161.15 	3.12 
2013	354	4.74 	-3.08 	0.00 	66.18 	222.29 	3.12 
2013	355	2.77 	-4.30 	0.00 	68.53 	214.06 	3.12 
2013	356	5.78 	-3.18 	0.00 	62.41 	234.18 	3.11 
2013	357	6.04 	-2.72 	0.00 	63.15 	232.24 	3.11 
2013	358	5.36 	-1.42 	0.00 	70.20 	209.91 	3.11 
2013	359	6.49 	-0.85 	0.00 	68.34 	217.73 	3.10 
2013	360	6.81 	-2.31 	0.00 	62.11 	236.48 	3.10 
2013	361	1.09 	-6.02 	0.00 	67.70 	216.46 	3.10 
2013	362	5.09 	-5.50 	0.00 	56.80 	247.65 	3.09 
2013	363	5.62 	-3.80 	0.00 	60.79 	240.20 	3.09 
2013	364	11.24 	0.43 	0.00 	57.80 	247.14 	3.09 
2013	365	15.24 	4.22 	0.00 	58.20 	245.79 	3.10 
2014	1	15.63 	7.85 	0.00 	68.75 	218.22 	3.11 
2014	2	15.58 	7.97 	0.00 	69.34 	217.30 	3.13 
2014	3	14.08 	7.77 	0.00 	73.67 	198.85 	3.15 
2014	4	7.40 	2.29 	0.00 	77.11 	181.44 	3.18 
2014	5	11.16 	2.01 	0.00 	63.09 	240.71 	3.22 
2014	6	8.22 	1.33 	0.00 	70.39 	216.48 	3.25 
2014	7	7.40 	5.13 	5.90 	89.25 	74.32 	3.29 
2014	8	5.54 	0.53 	8.10 	77.20 	149.01 	3.32 
2014	9	2.78 	-1.69 	0.20 	79.00 	140.62 	3.35 
2014	10	5.48 	-2.33 	0.00 	66.39 	241.20 	3.38 
2014	11	2.96 	0.39 	10.70 	87.46 	90.94 	3.40 
2014	12	2.21 	1.22 	6.80 	94.98 	45.11 	3.41 
2014	13	3.01 	0.38 	0.00 	87.20 	126.37 	3.41 
2014	14	4.32 	-1.35 	0.00 	74.31 	217.43 	3.42 
2014	15	5.17 	-1.48 	0.00 	70.64 	235.66 	3.42 
2014	16	10.00 	-0.39 	0.00 	58.77 	269.87 	3.42 
2014	17	9.84 	2.65 	0.00 	69.61 	240.15 	3.42 
2014	18	4.62 	-0.76 	0.00 	75.54 	209.89 	3.42 
2014	19	11.26 	-2.54 	0.00 	49.09 	286.36 	3.43 
2014	20	8.81 	0.86 	0.00 	66.65 	253.43 	3.44 
2014	21	4.55 	-3.22 	0.00 	66.31 	255.78 	3.45 
2014	22	6.74 	-2.65 	0.00 	61.19 	273.72 	3.47 
2014	23	13.30 	-1.40 	0.00 	47.34 	295.01 	3.48 
2014	24	21.05 	7.38 	0.00 	52.26 	287.36 	3.49 
2014	25	15.70 	5.17 	0.00 	59.80 	278.44 	3.51 
2014	26	7.69 	2.60 	0.00 	77.25 	201.75 	3.51 
2014	27	12.39 	1.69 	0.00 	58.44 	287.27 	3.52 
2014	28	12.40 	5.80 	0.00 	72.31 	237.65 	3.52 
2014	29	10.68 	5.39 	0.30 	76.96 	167.56 	3.52 
2014	30	19.77 	9.48 	0.00 	61.55 	285.15 	3.51 
2014	31	21.00 	5.74 	0.00 	48.15 	309.10 	3.51 
2014	32	23.65 	15.13 	0.00 	67.97 	260.60 	3.50 
2014	33	19.39 	10.37 	0.00 	65.45 	276.06 	3.50 
2014	34	13.77 	0.93 	0.20 	52.50 	257.04 	3.49 
2014	35	3.29 	-0.66 	0.00 	81.32 	177.83 	3.49 
2014	36	4.38 	-0.09 	0.10 	79.26 	154.18 	3.49 
2014	37	4.66 	3.33 	4.40 	93.44 	57.46 	3.49 
2014	38	4.62 	-1.21 	18.30 	73.74 	190.42 	3.49 
2014	39	-1.25 	-2.76 	0.10 	92.08 	65.21 	3.50 
2014	40	-2.69 	-4.31 	6.50 	91.30 	70.38 	3.50 
2014	41	-3.22 	-6.94 	2.70 	80.63 	177.49 	3.51 
2014	42	-1.05 	-7.73 	0.10 	68.29 	252.67 	3.52 
2014	43	-0.82 	-4.19 	2.60 	83.05 	164.54 	3.53 
2014	44	-0.48 	-2.08 	12.50 	91.74 	104.17 	3.53 
2014	45	3.10 	-1.62 	0.10 	77.99 	174.92 	3.54 
2014	46	7.04 	-1.84 	0.00 	63.00 	323.30 	3.55 
2014	47	4.17 	1.65 	12.80 	87.82 	104.82 	3.56 
2014	48	4.07 	2.34 	2.10 	91.49 	77.65 	3.56 
2014	49	2.33 	-1.78 	38.30 	80.48 	169.56 	3.57 
2014	50	0.37 	-2.21 	3.40 	87.11 	116.96 	3.57 
2014	51	5.61 	-2.39 	0.00 	65.74 	334.26 	3.56 
2014	52	6.73 	0.40 	0.00 	72.19 	300.90 	3.56 
2014	53	10.92 	0.71 	0.00 	59.58 	366.59 	3.55 
2014	54	10.14 	2.15 	0.00 	66.82 	344.02 	3.54 
2014	55	6.90 	3.56 	7.90 	84.45 	156.57 	3.53 
2014	56	8.38 	6.79 	23.20 	92.43 	82.74 	3.53 
2014	57	9.85 	7.50 	4.60 	89.10 	118.68 	3.52 
2014	58	10.64 	7.59 	0.00 	86.13 	197.17 	3.52 
2014	59	8.64 	4.81 	16.30 	82.58 	187.13 	3.52 
2014	60	5.23 	1.94 	24.50 	84.48 	171.91 	3.53 
2014	61	7.57 	1.09 	0.30 	71.79 	279.62 	3.54 
2014	62	8.52 	3.13 	0.20 	76.20 	255.07 	3.55 
2014	63	9.58 	5.12 	5.70 	80.09 	227.91 	3.56 
2014	64	8.82 	2.98 	0.10 	74.48 	276.43 	3.57 
2014	65	2.79 	-0.01 	2.30 	86.39 	167.67 	3.59 
2014	66	5.71 	0.53 	0.10 	76.55 	264.81 	3.60 
2014	67	3.08 	0.19 	7.50 	86.02 	172.87 	3.61 
2014	68	9.62 	1.68 	0.00 	66.89 	408.50 	3.63 
2014	69	11.55 	4.42 	0.00 	70.20 	391.03 	3.64 
2014	70	17.03 	5.67 	0.00 	57.66 	433.36 	3.65 
2014	71	13.11 	5.85 	10.60 	70.04 	304.79 	3.65 
2014	72	7.51 	2.49 	2.80 	77.50 	255.37 	3.66 
2014	73	14.76 	2.58 	0.00 	54.65 	450.53 	3.66 
2014	74	19.36 	10.66 	0.00 	66.48 	407.01 	3.66 
2014	75	20.58 	13.61 	0.00 	72.52 	366.79 	3.65 
2014	76	24.73 	15.80 	0.00 	66.88 	399.53 	3.64 
2014	77	24.49 	14.44 	0.00 	63.39 	417.29 	3.63 
2014	78	13.87 	6.61 	11.10 	70.20 	302.10 	3.62 
2014	79	7.49 	3.93 	0.10 	83.57 	186.21 	3.61 
2014	80	12.92 	4.15 	0.00 	64.79 	428.83 	3.60 
2014	81	16.56 	5.49 	0.00 	58.40 	457.56 	3.59 
2014	82	19.13 	7.36 	0.00 	56.99 	460.49 	3.59 
2014	83	22.24 	12.92 	0.00 	65.13 	421.44 	3.59 
2014	84	21.02 	12.67 	1.20 	67.96 	313.93 	3.60 
2014	85	23.15 	13.95 	0.00 	65.70 	417.95 	3.61 
2014	86	21.12 	11.38 	0.00 	63.56 	433.15 	3.62 
2014	87	22.24 	12.37 	1.50 	63.43 	332.17 	3.63 
2014	88	20.38 	15.00 	11.20 	78.16 	227.36 	3.64 
2014	89	19.52 	11.75 	0.00 	69.58 	388.43 	3.64 
2014	90	12.49 	8.78 	0.00 	83.57 	229.27 	3.65 
2014	91	13.36 	8.77 	0.10 	80.13 	210.81 	3.65 
2014	92	17.23 	9.76 	0.00 	70.16 	390.26 	3.65 
2014	93	17.36 	10.81 	0.10 	73.41 	272.51 	3.64 
2014	94	19.11 	8.81 	0.00 	61.37 	457.70 	3.63 
2014	95	20.06 	8.26 	0.00 	57.14 	478.11 	3.62 
2014	96	13.45 	5.99 	0.00 	69.42 	391.63 	3.61 
2014	97	17.21 	6.66 	4.30 	60.14 	354.73 	3.60 
2014	98	19.21 	12.87 	1.10 	74.50 	253.84 	3.59 
2014	99	21.97 	13.38 	0.00 	67.39 	405.70 	3.58 
2014	100	24.45 	15.16 	0.00 	65.71 	419.59 	3.57 
2014	101	20.83 	12.54 	0.20 	68.13 	307.64 	3.56 
2014	102	17.07 	12.99 	3.40 	82.65 	178.17 	3.56 
2014	103	13.42 	10.83 	0.40 	88.37 	124.28 	3.55 
2014	104	18.54 	9.74 	0.00 	65.97 	438.85 	3.56 
2014	105	21.56 	9.26 	0.00 	56.13 	501.90 	3.57 
2014	106	16.33 	10.20 	2.90 	74.74 	263.12 	3.58 
2014	107	18.27 	13.72 	0.10 	80.98 	204.13 	3.60 
2014	108	16.47 	11.94 	0.00 	80.80 	275.89 	3.63 
2014	109	12.66 	10.70 	20.70 	91.04 	101.55 	3.65 
2014	110	14.30 	11.18 	3.20 	86.21 	154.21 	3.68 
2014	111	12.16 	10.10 	22.60 	90.56 	110.87 	3.71 
2014	112	14.63 	9.32 	9.40 	77.53 	259.74 	3.73 
2014	113	16.91 	11.54 	0.00 	77.66 	345.93 	3.75 
2014	114	18.42 	11.05 	0.10 	70.73 	327.46 	3.76 
2014	115	16.27 	14.12 	3.70 	90.47 	118.08 	3.77 
2014	116	18.06 	14.56 	0.60 	85.07 	185.78 	3.76 
2014	117	17.38 	13.32 	10.20 	82.76 	218.05 	3.76 
2014	118	17.58 	13.57 	0.00 	82.99 	287.44 	3.74 
2014	119	22.17 	12.11 	0.00 	62.81 	513.77 	3.73 
2014	120	22.69 	14.06 	0.00 	67.42 	476.07 	3.72 
2014	121	25.87 	16.48 	0.00 	65.70 	479.78 	3.70 
2014	122	27.15 	17.86 	0.00 	66.29 	470.65 	3.70 
2014	123	20.04 	13.92 	0.00 	75.43 	389.47 	3.69 
2014	124	17.18 	11.79 	24.00 	77.63 	275.42 	3.69 
2014	125	18.09 	10.23 	1.20 	69.00 	358.67 	3.70 
2014	126	20.64 	11.37 	0.00 	64.93 	508.40 	3.71 
2014	127	26.32 	15.30 	0.00 	60.95 	520.47 	3.72 
2014	128	25.09 	16.27 	0.00 	67.30 	477.41 	3.73 
2014	129	21.03 	13.16 	0.20 	69.57 	350.65 	3.74 
2014	130	19.31 	15.05 	2.30 	82.23 	225.80 	3.75 
2014	131	20.39 	15.55 	12.70 	80.17 	252.53 	3.76 
2014	132	24.07 	15.04 	4.80 	66.44 	370.78 	3.77 
2014	133	20.33 	14.74 	0.80 	77.38 	279.23 	3.77 
2014	134	20.42 	17.44 	74.50 	87.39 	161.14 	3.78 
2014	135	22.48 	17.31 	0.40 	79.25 	265.58 	3.79 
2014	136	25.53 	17.44 	0.00 	69.73 	467.84 	3.79 
2014	137	18.90 	15.92 	26.90 	87.24 	167.44 	3.80 
2014	138	16.34 	15.38 	0.30 	95.66 	169.59 	3.80 
2014	139	17.12 	14.98 	4.00 	90.58 	126.72 	3.81 
2014	140	25.83 	15.21 	2.60 	62.00 	396.49 	3.82 
2014	141	26.80 	20.31 	0.00 	75.26 	395.17 	3.83 
2014	142	22.75 	17.86 	1.60 	80.31 	247.92 	3.83 
2014	143	22.55 	16.80 	0.00 	77.16 	379.86 	3.84 
2014	144	26.59 	18.62 	0.00 	70.32 	456.12 	3.85 
2014	145	25.38 	21.00 	3.50 	82.54 	215.26 	3.86 
2014	146	26.83 	21.00 	0.10 	77.54 	269.20 	3.87 
2014	147	27.86 	23.05 	0.00 	81.28 	299.51 	3.88 
2014	148	28.61 	26.92 	0.00 	93.11 	211.64 	3.90 
2014	149	30.61 	23.29 	0.00 	73.15 	408.40 	3.91 
2014	150	28.65 	22.21 	0.00 	75.73 	385.72 	3.92 
2014	151	23.22 	19.27 	0.10 	83.88 	207.37 	3.93 
2014	152	27.02 	21.00 	8.60 	76.90 	286.11 	3.95 
2014	153	22.89 	18.18 	0.00 	80.99 	331.52 	3.96 
2014	154	21.33 	17.87 	0.00 	85.57 	255.99 	3.98 
2014	155	23.09 	17.60 	0.00 	78.17 	380.78 	3.99 
2014	156	26.49 	19.77 	0.00 	74.42 	426.86 	4.01 
2014	157	25.86 	19.03 	0.00 	73.95 	438.84 	4.03 
2014	158	28.52 	20.48 	0.00 	70.46 	468.28 	4.05 
2014	159	26.03 	19.84 	0.00 	76.16 	411.39 	4.06 
2014	160	25.85 	18.64 	0.00 	72.68 	454.07 	4.08 
2014	161	25.85 	19.12 	0.00 	74.29 	432.74 	4.09 
2014	162	26.47 	17.40 	0.00 	66.82 	508.85 	4.11 
2014	163	26.71 	19.69 	0.00 	73.46 	439.23 	4.12 
2014	164	28.19 	19.55 	0.00 	68.50 	482.59 	4.14 
2014	165	29.48 	23.40 	0.00 	77.08 	374.75 	4.15 
2014	166	29.01 	22.23 	0.00 	74.65 	410.79 	4.16 
2014	167	28.71 	20.44 	0.00 	69.77 	464.37 	4.18 
2014	168	23.47 	19.50 	46.00 	83.84 	206.81 	4.19 
2014	169	25.35 	19.96 	0.10 	78.87 	262.85 	4.21 
2014	170	26.61 	18.81 	0.00 	70.88 	458.41 	4.23 
2014	171	26.70 	21.61 	22.20 	80.12 	248.33 	4.25 
2014	172	22.72 	18.89 	35.30 	84.29 	203.08 	4.28 
2014	173	21.90 	18.11 	11.40 	84.35 	204.30 	4.30 
2014	174	21.88 	18.20 	0.10 	84.78 	201.41 	4.32 
2014	175	25.66 	19.07 	0.00 	74.73 	420.01 	4.35 
2014	176	22.06 	18.89 	2.50 	86.79 	174.66 	4.37 
2014	177	21.35 	19.48 	8.10 	91.99 	208.96 	4.39 
2014	178	21.92 	19.79 	22.00 	90.95 	221.35 	4.40 
2014	179	24.26 	19.50 	1.40 	80.99 	251.05 	4.42 
2014	180	26.82 	21.41 	0.00 	79.00 	362.71 	4.42 
2014	181	22.90 	17.33 	21.00 	77.86 	290.07 	4.43 
2014	182	23.40 	18.77 	0.60 	81.36 	248.13 	4.43 
2014	183	23.93 	20.73 	0.40 	86.85 	175.89 	4.44 
2014	184	27.47 	20.83 	0.50 	74.85 	311.13 	4.44 
2014	185	23.67 	20.92 	5.70 	88.58 	152.43 	4.44 
2014	186	26.42 	21.06 	0.10 	79.13 	271.21 	4.45 
2014	187	23.33 	19.73 	18.80 	85.24 	200.88 	4.46 
2014	188	26.25 	20.43 	0.00 	77.48 	393.71 	4.47 
2014	189	27.08 	20.97 	0.00 	76.60 	403.39 	4.48 
2014	190	28.79 	22.15 	0.00 	75.07 	417.38 	4.49 
2014	191	29.92 	24.38 	0.00 	78.99 	358.95 	4.50 
2014	192	32.85 	25.58 	0.10 	73.69 	309.07 	4.51 
2014	193	32.08 	21.76 	0.00 	64.26 	499.63 	4.52 
2014	194	21.99 	20.56 	35.70 	93.85 	390.78 	4.52 
2014	195	27.95 	19.93 	3.40 	70.41 	354.99 	4.52 
2014	196	24.66 	19.28 	41.40 	78.80 	286.78 	4.51 
2014	197	25.81 	20.39 	0.10 	78.82 	286.07 	4.51 
2014	198	30.12 	23.56 	0.30 	75.57 	305.23 	4.51 
2014	199	30.74 	25.16 	0.00 	78.97 	358.29 	4.51 
2014	200	30.42 	25.65 	0.00 	81.74 	319.24 	4.52 
2014	201	32.92 	25.01 	0.00 	71.67 	435.40 	4.54 
2014	202	32.84 	25.44 	0.00 	73.28 	416.66 	4.57 
2014	203	32.70 	25.89 	0.00 	75.16 	392.81 	4.61 
2014	204	30.97 	24.55 	0.00 	76.15 	387.00 	4.66 
2014	205	26.43 	24.17 	9.60 	90.73 	224.46 	4.71 
2014	206	29.22 	23.58 	4.30 	78.54 	272.00 	4.76 
2014	207	27.84 	23.01 	41.20 	81.20 	243.15 	4.82 
2014	208	27.10 	21.38 	13.90 	77.96 	279.43 	4.86 
2014	209	28.50 	21.19 	0.10 	72.81 	323.05 	4.89 
2014	210	30.14 	23.79 	0.00 	76.26 	380.68 	4.90 
2014	211	31.78 	25.36 	0.00 	76.28 	371.34 	4.89 
2014	212	30.22 	23.97 	20.40 	76.61 	279.52 	4.86 
2014	213	24.88 	22.33 	14.10 	89.47 	136.25 	4.83 
2014	214	25.40 	22.26 	0.10 	87.22 	166.60 	4.79 
2014	215	30.84 	23.53 	0.10 	73.22 	307.44 	4.76 
2014	216	31.72 	27.08 	0.00 	82.35 	281.26 	4.73 
2014	217	31.94 	26.30 	2.70 	78.93 	247.29 	4.71 
2014	218	32.49 	25.64 	0.10 	74.99 	283.09 	4.72 
2014	219	30.97 	23.50 	0.20 	72.74 	307.26 	4.75 
2014	220	24.87 	21.56 	0.80 	86.51 	172.93 	4.79 
2014	221	26.91 	21.15 	0.00 	77.79 	362.99 	4.86 
2014	222	22.53 	20.55 	0.00 	91.61 	149.36 	4.93 
2014	223	24.29 	20.56 	1.10 	84.84 	201.34 	5.00 
2014	224	22.71 	18.39 	4.90 	82.43 	231.95 	5.07 
2014	225	26.28 	20.59 	0.00 	77.95 	369.67 	5.12 
2014	226	21.81 	19.90 	5.30 	91.85 	112.19 	5.17 
2014	227	22.81 	20.23 	2.20 	89.19 	147.33 	5.19 
2014	228	23.68 	20.70 	35.90 	87.68 	168.51 	5.20 
2014	229	20.92 	18.76 	3.30 	90.76 	130.31 	5.19 
2014	230	19.92 	18.77 	43.10 	94.95 	178.60 	5.17 
2014	231	20.58 	19.10 	29.00 	93.58 	196.36 	5.14 
2014	232	21.75 	19.42 	32.20 	90.12 	144.67 	5.11 
2014	233	26.47 	19.70 	0.00 	74.26 	428.25 	5.07 
2014	234	28.14 	22.05 	0.00 	76.84 	392.36 	5.04 
2014	235	27.82 	23.81 	0.00 	84.18 	285.55 	5.01 
2014	236	29.27 	21.86 	0.00 	72.62 	426.28 	4.98 
2014	237	25.75 	21.65 	0.60 	83.61 	225.30 	4.96 
2014	238	25.78 	20.44 	4.00 	79.10 	276.54 	4.94 
2014	239	23.00 	18.42 	12.70 	81.49 	256.33 	4.93 
2014	240	26.41 	19.83 	10.30 	74.89 	313.35 	4.92 
2014	241	25.43 	20.99 	0.80 	82.32 	242.36 	4.91 
2014	242	25.34 	20.45 	0.10 	80.67 	261.59 	4.91 
2014	243	26.61 	21.07 	0.00 	78.52 	366.10 	4.91 
2014	244	24.19 	21.82 	6.60 	90.14 	139.23 	4.91 
2014	245	29.69 	21.00 	5.90 	68.64 	336.52 	4.90 
2014	246	23.96 	18.67 	21.40 	79.03 	275.20 	4.90 
2014	247	24.83 	17.85 	0.00 	73.26 	419.63 	4.89 
2014	248	26.51 	21.07 	0.00 	78.85 	354.22 	4.87 
2014	249	25.57 	21.59 	1.20 	84.05 	216.07 	4.85 
2014	250	25.99 	20.77 	0.00 	79.56 	344.94 	4.82 
2014	251	25.00 	22.25 	0.00 	88.69 	206.47 	4.77 
2014	252	22.82 	20.93 	0.20 	91.99 	113.30 	4.71 
2014	253	22.83 	21.45 	0.00 	94.10 	115.24 	4.66 
2014	254	21.69 	19.50 	0.40 	90.69 	132.95 	4.60 
2014	255	28.60 	19.26 	12.80 	66.43 	336.66 	4.54 
2014	256	22.01 	17.98 	10.80 	83.44 	222.50 	4.49 
2014	257	22.61 	19.43 	0.80 	86.80 	179.41 	4.46 
2014	258	21.97 	19.84 	0.10 	90.95 	124.94 	4.43 
2014	259	21.60 	18.78 	0.00 	88.13 	213.10 	4.43 
2014	260	27.99 	19.90 	0.00 	70.21 	403.45 	4.44 
2014	261	21.23 	16.09 	20.40 	79.18 	256.59 	4.47 
2014	262	16.55 	15.27 	32.10 	94.25 	81.77 	4.49 
2014	263	22.33 	15.23 	2.10 	72.41 	305.29 	4.52 
2014	264	23.27 	17.57 	0.10 	77.44 	266.00 	4.54 
2014	265	18.70 	17.06 	13.30 	92.80 	97.36 	4.55 
2014	266	21.15 	18.22 	29.80 	87.65 	162.16 	4.55 
2014	267	23.94 	19.49 	0.00 	82.10 	288.65 	4.52 
2014	268	23.76 	18.92 	0.10 	80.63 	235.38 	4.48 
2014	269	25.06 	17.79 	0.00 	72.33 	377.04 	4.43 
2014	270	25.70 	20.40 	0.00 	79.23 	313.00 	4.37 
2014	271	28.47 	20.82 	0.00 	71.71 	365.13 	4.31 
2014	272	26.99 	18.53 	9.40 	68.82 	298.06 	4.24 
2014	273	18.64 	15.23 	3.40 	85.49 	180.30 	4.18 
2014	274	20.99 	13.91 	0.10 	72.22 	287.68 	4.12 
2014	275	21.35 	16.96 	0.00 	81.99 	275.99 	4.07 
2014	276	22.62 	16.47 	0.00 	75.75 	336.14 	4.03 
2014	277	21.09 	13.91 	0.00 	71.91 	364.49 	4.00 
2014	278	21.49 	14.45 	0.00 	72.45 	356.91 	3.97 
2014	279	19.43 	15.60 	0.00 	83.92 	245.29 	3.95 
2014	280	19.00 	13.69 	0.00 	78.21 	308.36 	3.93 
2014	281	21.02 	14.81 	0.00 	75.26 	327.66 	3.91 
2014	282	21.18 	15.86 	0.00 	78.51 	294.56 	3.90 
2014	283	19.28 	16.14 	0.00 	86.64 	198.69 	3.88 
2014	284	22.26 	15.64 	0.20 	74.04 	252.74 	3.86 
2014	285	21.99 	15.92 	0.00 	75.93 	308.06 	3.85 
2014	286	17.21 	12.24 	0.00 	79.21 	280.47 	3.83 
2014	287	17.86 	10.37 	0.00 	70.21 	343.22 	3.81 
2014	288	19.78 	11.13 	0.00 	66.73 	352.87 	3.80 
2014	289	21.20 	15.44 	0.00 	76.91 	283.96 	3.79 
2014	290	20.24 	15.69 	0.00 	81.24 	244.21 	3.79 
2014	291	21.53 	14.89 	0.00 	73.84 	303.49 	3.78 
2014	292	24.52 	14.15 	0.00 	62.44 	346.18 	3.78 
2014	293	26.55 	20.39 	0.00 	76.35 	268.67 	3.79 
2014	294	23.42 	13.79 	0.10 	64.42 	267.45 	3.79 
2014	295	18.18 	12.54 	0.00 	76.86 	266.45 	3.80 
2014	296	20.11 	12.66 	0.00 	70.79 	302.27 	3.81 
2014	297	22.06 	13.70 	0.00 	68.15 	309.77 	3.82 
2014	298	23.91 	16.34 	0.00 	71.12 	288.21 	3.82 
2014	299	24.13 	18.63 	0.00 	78.29 	236.91 	3.83 
2014	300	21.29 	12.06 	0.00 	65.19 	313.41 	3.84 
2014	301	17.18 	10.26 	0.00 	72.07 	281.46 	3.84 
2014	302	15.56 	12.95 	2.70 	88.47 	106.16 	3.84 
2014	303	17.26 	15.20 	4.60 	90.92 	83.91 	3.84 
2014	304	17.16 	14.34 	24.50 	87.73 	112.86 	3.84 
2014	305	16.80 	13.87 	0.10 	87.25 	117.26 	3.84 
2014	306	15.62 	9.63 	0.30 	75.13 	204.60 	3.83 
2014	307	12.55 	6.66 	0.00 	74.97 	258.47 	3.82 
2014	308	16.25 	8.76 	0.00 	69.88 	283.23 	3.81 
2014	309	18.88 	10.58 	0.00 	67.69 	286.99 	3.80 
2014	310	14.65 	9.50 	0.10 	78.14 	180.12 	3.78 
2014	311	13.05 	10.02 	0.00 	86.47 	155.06 	3.76 
2014	312	9.70 	8.25 	14.30 	93.15 	64.85 	3.75 
2014	313	11.20 	8.28 	0.70 	86.75 	117.43 	3.73 
2014	314	12.34 	9.88 	0.00 	88.83 	131.71 	3.71 
2014	315	13.62 	10.17 	0.00 	84.77 	172.11 	3.69 
2014	316	15.40 	9.21 	0.00 	74.37 	248.06 	3.67 
2014	317	11.41 	6.76 	0.00 	79.60 	214.08 	3.66 
2014	318	14.21 	6.29 	0.00 	67.97 	273.79 	3.64 
2014	319	12.34 	6.09 	0.10 	73.58 	200.10 	3.62 
2014	320	12.51 	7.63 	0.20 	78.86 	170.78 	3.60 
2014	321	10.45 	7.24 	0.00 	85.43 	161.81 	3.59 
2014	322	11.70 	5.78 	0.00 	74.70 	241.15 	3.57 
2014	323	11.13 	6.25 	0.00 	78.65 	216.79 	3.55 
2014	324	17.17 	9.26 	0.00 	68.62 	261.65 	3.53 
2014	325	19.90 	12.48 	0.00 	70.85 	250.27 	3.52 
2014	326	19.30 	14.70 	0.00 	80.93 	196.44 	3.50 
2014	327	21.57 	13.82 	0.00 	70.07 	249.32 	3.49 
2014	328	17.25 	9.16 	4.70 	68.05 	210.67 	3.48 
2014	329	9.06 	8.10 	12.60 	95.40 	47.29 	3.47 
2014	330	13.32 	7.29 	0.10 	74.58 	189.89 	3.46 
2014	331	17.74 	8.51 	0.50 	64.39 	216.21 	3.46 
2014	332	13.18 	8.56 	2.30 	79.99 	159.50 	3.46 
2014	333	18.39 	8.42 	6.80 	62.21 	215.98 	3.46 
2014	334	16.22 	7.36 	19.90 	65.24 	209.51 	3.46 
2014	335	7.47 	-0.44 	1.80 	66.49 	206.38 	3.46 
2014	336	4.02 	-2.80 	0.00 	69.74 	238.49 	3.47 
2014	337	3.34 	-0.80 	1.90 	80.50 	144.82 	3.47 
2014	338	5.31 	-0.96 	2.80 	72.15 	186.31 	3.48 
2014	339	6.15 	-1.91 	0.00 	65.64 	248.73 	3.48 
2014	340	7.55 	2.17 	0.00 	76.06 	209.72 	3.48 
2014	341	12.26 	2.63 	0.00 	61.79 	252.67 	3.48 
2014	342	7.24 	0.59 	0.00 	71.08 	226.53 	3.48 
2014	343	7.21 	3.10 	0.00 	81.20 	171.56 	3.47 
2014	344	8.07 	1.98 	0.10 	73.39 	173.54 	3.47 
2014	345	2.56 	1.37 	1.00 	94.01 	49.64 	3.47 
2014	346	5.79 	-0.79 	0.00 	71.04 	223.20 	3.46 
2014	347	6.90 	-1.19 	0.00 	65.73 	238.71 	3.46 
2014	348	8.15 	1.35 	0.00 	70.70 	223.36 	3.45 
2014	349	7.61 	4.78 	0.00 	86.77 	127.69 	3.45 
2014	350	4.53 	-1.45 	0.00 	73.13 	212.98 	3.44 
2014	351	4.99 	-2.60 	0.00 	67.07 	233.24 	3.43 
2014	352	5.74 	-0.60 	0.00 	71.96 	216.23 	3.43 
2014	353	7.21 	3.11 	0.00 	81.24 	166.58 	3.42 
2014	354	5.67 	1.27 	0.00 	79.76 	177.14 	3.42 
2014	355	3.53 	-2.94 	0.00 	70.99 	220.87 	3.41 
2014	356	6.68 	-1.95 	0.00 	63.78 	241.58 	3.41 
2014	357	12.22 	-0.34 	0.00 	52.86 	255.33 	3.41 
2014	358	10.30 	5.11 	0.00 	77.28 	191.43 	3.40 
2014	359	6.64 	1.29 	0.00 	76.02 	196.02 	3.40 
2014	360	6.23 	-0.11 	0.00 	72.06 	214.81 	3.40 
2014	361	6.67 	2.58 	0.00 	81.21 	166.95 	3.40 
2014	362	9.58 	2.91 	0.00 	71.49 	219.36 	3.39 
2014	363	13.62 	3.90 	0.00 	61.85 	246.23 	3.39 
2014	364	15.67 	8.81 	0.00 	71.98 	218.43 	3.39 
2014	365	11.58 	-0.49 	0.00 	54.08 	257.85 	3.39 
